sensor_reading pref Accelx Accely Accelz Gyrox Gyroy Gyroz Magx Magy Magz Temperatura(C)
13712 13712 3.727962 0.193940 9.079276 0.003346 -0.001056 0.001000 48.964435 14.469695 -102.804824 23.000778
13712 13712 3.720779 0.177180 9.076882 -0.001980 -0.001056 0.002065 48.964435 13.040590 -103.150382 22.994789
13696 13712 3.727962 0.181969 9.103219 -0.000915 0.000009 0.002065 50.388858 13.755143 -103.495948 22.997783
13696 13712 3.711202 0.196335 9.069699 -0.001980 0.000009 0.002065 48.074176 15.005610 -103.668731 23.000778
13696 13712 3.711202 0.181969 9.093642 0.007607 -0.001056 0.001000 49.320541 14.112419 -104.532630 23.003774
13696 13712 3.749511 0.136476 9.096036 -0.013698 0.000009 0.002065 49.320541 13.040590 -103.495948 23.009763
13696 13712 3.739934 0.198729 9.081670 0.008673 0.000009 0.002065 51.279121 12.504674 -103.323165 23.003774
13680 13712 3.727962 0.177180 9.057727 -0.004111 0.000009 0.003131 50.566909 13.933780 -103.668731 23.012760
13712 13712 3.737539 0.186757 9.067304 -0.004111 -0.001056 0.002065 49.498596 14.648333 -103.668731 23.012760
13696 13712 3.735145 0.158025 9.079276 -0.024351 0.000009 0.002065 50.388858 14.826972 -104.187072 23.018749
13712 13712 3.754300 0.146054 9.038573 -0.006241 0.001075 -0.000065 50.923015 13.576504 -102.632041 23.003774
13728 13712 3.711202 0.189152 9.100825 -0.019025 -0.001056 -0.000065 48.074176 13.219227 -102.632041 23.012760
13680 13712 4.067956 -1.233077 8.526187 0.061937 0.001075 0.003131 49.854698 14.648333 -103.323165 23.015754
13584 13712 3.874016 0.268164 9.352229 -0.030743 0.001075 -0.013914 48.608333 14.469695 -104.187072 23.015754
13808 13712 4.613862 -0.146054 8.815900 -0.035004 0.010662 0.026567 50.923015 13.933780 -102.632041 23.018749
13632 13712 5.356102 1.158853 8.444780 -0.040330 -0.061777 -0.054395 49.676647 14.826972 -104.532630 23.000778
13488 13712 5.748771 -0.158025 7.427192 0.028913 0.121451 0.062786 50.032752 14.469695 -103.495948 23.000778
13872 13712 5.509339 2.628968 9.105613 0.131180 0.213065 0.396219 48.608333 12.683313 -101.422569 23.006769
13504 13712 4.812591 0.897871 7.352968 0.029978 -0.183219 -0.039481 57.332904 7.502805 -99.521980 23.003774
13536 13712 5.078361 -1.407862 9.357017 -0.048852 0.079905 -1.177200 57.154853 14.826972 -100.731445 23.015754
13936 13712 4.589919 -0.356754 9.024207 -0.187339 -0.254593 0.190620 53.237697 13.397866 -102.459259 23.012760
13792 13712 4.424710 2.825302 12.903011 -0.887228 0.098015 0.705151 46.649753 28.582113 -100.558670 23.000778
13952 13712 4.269079 2.822908 2.923469 0.201489 0.368596 0.013783 54.662117 16.256076 -101.768135 23.009763
13744 13712 4.965827 -0.241827 15.474514 -0.087203 -0.772319 -0.246145 55.908485 20.364755 -99.867538 23.030731
13632 13712 4.269079 -0.193940 12.706676 1.467042 -0.150195 -0.474115 36.856868 8.395997 -104.187072 23.015754
13984 13712 3.857255 3.689653 6.119891 -0.783896 -0.581634 -0.158792 41.486232 -23.401605 -81.725517 23.006769
13968 13712 3.227548 -0.296896 9.965176 -2.529891 0.292962 -0.988646 48.074176 15.362886 -102.977600 23.015754
13744 13712 5.298638 -3.629795 11.808805 0.181248 -0.294008 -0.963079 31.693344 47.875038 -86.045043 23.006769
13792 13712 5.542860 -3.126987 10.456012 0.648906 0.280178 -0.076765 16.558881 32.333515 -96.239135 23.012760
13856 13712 3.885987 -0.739846 7.839016 -1.007605 -0.238614 0.076635 24.571245 48.589591 -83.280548 23.018749
13824 13712 3.883593 -0.435767 13.525535 0.393239 -0.260984 0.186359 22.256563 49.482784 -75.505393 23.009763
13792 13712 4.410344 -2.451787 5.238780 1.701404 0.964088 -0.205664 30.625030 22.151138 -102.977600 23.030731
14128 13712 4.913152 1.680815 7.295504 -1.292035 0.116125 -0.203534 46.649753 24.294795 -100.904228 23.012760
13952 13712 4.759915 -1.802926 14.325240 0.955707 -0.162979 -0.608340 35.610500 39.657680 -96.066352 23.027734
14240 13712 4.283445 -1.721519 12.057815 -0.319434 -0.058581 -0.267451 27.776189 32.512153 -99.521980 23.024740
13968 13712 3.038397 -3.138958 1.802926 -1.463545 -0.007448 -0.288756 23.146825 43.230445 -87.772857 23.036720
14208 13712 5.511733 -4.372035 13.906232 0.796980 -0.116106 -0.089549 14.956411 43.587722 -81.207168 23.030731
14288 13712 3.129381 -0.981673 4.652171 -0.838225 -0.054320 0.609275 22.256563 43.409084 -88.636764 23.039716
14320 13712 2.985722 -0.996039 7.760003 0.280319 -0.191741 -0.097006 25.817611 49.840057 -79.306579 23.027734
14032 13712 4.295417 -1.963345 11.456839 0.752239 0.259938 0.224709 23.146825 42.515892 -90.882919 23.015754
14288 13712 2.573898 0.380697 2.145314 -0.035004 0.465537 0.072374 34.898288 35.013088 -100.213104 23.024740
14288 13712 3.162902 -0.859562 9.917289 -0.474965 0.027707 -0.568925 34.186080 46.445934 -89.155105 23.018749
14272 13712 2.933047 -2.569109 6.421576 -0.316238 -0.084148 0.086222 26.351770 43.944999 -88.809547 23.024740
14576 13712 3.268252 -3.268252 15.986900 0.354889 -0.096931 0.119246 26.885927 49.125507 -79.997703 23.015754
14784 13712 3.205999 -1.259414 12.840759 -0.050983 -0.298269 0.644430 33.117763 47.875038 -85.699485 23.003774
14464 13712 2.830090 0.526751 10.649952 0.195097 -0.144869 -0.174771 37.747131 48.589591 -86.045043 23.021745
14656 13712 2.514040 -2.111793 11.303603 0.077916 -0.290812 -0.000065 32.761661 42.873168 -91.919609 23.021745
14416 13712 3.122198 -0.430978 7.836621 -0.077615 -0.161913 0.144813 29.378662 40.908149 -93.820198 23.009763
14272 13712 4.316966 -1.024770 15.259025 0.109874 0.029837 0.183163 27.954242 44.838188 -90.364578 23.021745
14336 13712 3.024031 -0.940969 4.896392 -0.258713 0.501756 -0.090614 33.295818 51.269165 -79.997703 23.024740
13920 13712 4.091899 -2.066301 1.970528 0.612687 0.632786 -0.040546 35.432449 53.770099 -78.961013 23.021745
14176 13712 4.032041 -0.560272 10.879807 0.255818 -0.156587 0.759480 40.061813 48.768230 -84.490013 23.021745
14192 13712 3.390362 1.288146 9.661097 -0.008372 -0.095866 0.342955 50.388858 44.838188 -86.217826 23.018749
14464 13712 2.949807 2.372775 10.750514 1.171959 -0.023427 0.456940 54.484066 32.512153 -95.720794 23.018749
14080 13712 3.431066 2.427844 13.338778 0.012934 -0.230091 0.009522 51.635223 22.151138 -99.176414 23.024740
14368 13712 4.458231 -0.960124 15.170435 0.615883 -0.084148 0.018045 47.361965 20.007478 -102.977600 23.030731
14336 13712 3.466981 1.151670 7.776763 -0.118096 -0.117172 0.119246 47.005859 17.149267 -101.940917 23.027734
14208 13712 3.419094 0.521963 13.659617 0.569010 -0.119302 -0.404872 44.157020 16.077438 -104.014289 23.027734
14256 13712 2.633756 -0.215489 2.923469 -1.273925 -0.033014 -0.000065 45.047283 16.256076 -104.878196 23.018749
14368 13712 3.450220 -1.417440 8.145490 0.752239 0.280178 -0.005392 42.554546 30.189857 -100.385887 23.018749
14144 13712 2.820513 1.676027 0.840408 0.018260 0.569934 0.494225 55.552379 18.935649 -98.830856 23.021745
14272 13712 3.603457 0.141265 8.284360 -0.010502 0.083101 0.014849 62.496425 20.186117 -95.548011 23.021745
14448 13712 4.180489 2.729529 11.617259 0.576467 -0.154456 0.192751 59.825641 11.790122 -98.485290 23.006769
14240 13712 3.514867 2.672065 14.938186 -0.519706 -0.005317 -0.173706 56.620693 11.790122 -100.558670 23.012760
14560 13712 2.935441 -0.936181 13.379482 -0.299193 -0.234352 -0.282365 52.525485 26.259815 -100.040321 23.009763
14592 13712 2.997693 0.129293 12.443301 0.919488 -0.076691 0.119246 49.676647 25.187986 -101.422569 23.039716
14320 13712 2.621784 2.049541 8.844633 -0.191600 -0.061777 -0.210991 47.896121 11.254207 -101.768135 23.024740
14512 13712 3.124593 -0.301685 12.701888 0.302690 -0.136347 -0.331368 47.718070 11.075570 -102.632041 23.006769
14240 13712 2.916286 1.072657 7.858170 0.140768 -0.068169 -0.106593 47.005859 -0.357276 -99.176414 23.024740
14064 13712 2.703191 0.988856 8.930828 -0.688021 -0.022362 -0.576382 45.759490 13.755143 -102.459259 23.006769
14336 13712 2.968961 -1.221105 10.405732 -0.548469 -0.146999 -0.343086 43.978965 21.615222 -102.804824 23.009763
14432 13712 3.304167 -0.658439 12.256544 0.213207 -0.121433 -0.021371 39.171550 36.442192 -98.139732 23.009763
14352 13712 3.282618 0.284925 12.855124 0.385782 -0.057516 0.155466 39.705707 33.762619 -99.003639 23.003774
14448 13712 3.196422 1.422228 8.133518 -0.187339 -0.018100 -0.102332 41.308181 33.226707 -98.485290 22.991792
14336 13712 3.162902 -0.651256 10.386577 -0.044591 -0.051124 -0.057590 37.212970 34.119895 -99.349197 23.000778
14128 13712 3.210788 0.787732 10.111229 -0.152185 -0.044732 0.141617 36.856868 35.906280 -97.621383 22.994789
14016 13712 2.540377 2.090245 5.868487 2.285177 0.085232 0.117116 37.925182 20.900669 -102.459259 23.006769
13968 13712 3.189239 1.436594 0.062252 0.531725 -0.178958 -0.594492 40.952075 -16.434715 -90.882919 23.000778
14096 13712 3.045580 1.379130 8.559708 -0.735958 -0.186415 -0.997168 53.415748 -10.718293 -93.647415 22.991792
14512 13712 3.639372 -1.570676 17.002092 0.366607 -0.351533 -0.587035 50.032752 12.326037 -102.459259 22.994789
14912 13712 2.727135 0.744635 21.874542 0.028913 -0.661530 -0.028828 37.569076 9.467825 -103.841506 22.991792
15152 13712 2.925864 1.376736 19.269517 -0.317303 -0.517717 -0.375044 25.283454 10.718293 -101.595352 22.997783
15328 13712 1.393496 -0.055069 19.492189 0.297364 -0.289747 -0.246145 15.134463 8.395997 -97.966949 22.982807
15184 13712 2.523617 -0.282530 20.461891 -0.235277 -0.542219 -0.308997 9.080677 1.965020 -91.055702 22.997783
15120 13712 0.763789 -1.568282 2.523617 0.706431 0.452754 -0.246145 8.368468 0.178638 -88.291198 23.000778
15040 13712 0.476470 -1.867572 -1.874755 -1.418803 0.071383 -0.304736 17.627197 -9.825101 -92.783508 22.979812
15376 13712 0.541117 0.351966 5.902008 1.889958 -0.056451 -0.402741 24.393192 -5.895061 -95.548011 22.973821
15408 13712 1.965740 -0.548300 21.939188 -0.109573 -0.583764 -0.327106 28.488399 -24.652072 -74.295921 22.979812
15872 13712 0.648862 0.356754 24.704631 -0.166033 -0.740361 -0.321780 31.515293 -27.331645 -68.248580 22.982807
16224 13712 0.191546 -3.876410 28.674421 0.214272 -0.382426 -0.229101 41.308181 -28.939388 -62.892360 22.973821
16480 13712 -0.835619 -1.690392 19.983026 -0.122357 -0.678574 -0.434700 45.225334 -28.224836 -60.473426 22.979812
16896 13712 -0.450133 -0.196335 15.565499 1.147458 -0.468714 -0.363326 52.525485 -26.974369 -60.300643 22.976818
17216 13712 -1.544339 -1.561099 19.635848 0.066198 -0.233287 -0.306866 59.113430 -23.580242 -66.347984 22.967832
16112 13712 -0.636890 -1.314484 20.804279 -0.651801 -0.505999 -0.296213 56.620693 -17.863821 -79.133796 22.973821
16320 13712 -0.402246 -2.971356 18.663753 0.096026 -0.411189 -0.258928 56.442642 -8.753273 -90.019012 22.976818
15824 13712 -0.450133 -1.031954 12.488793 0.049153 -0.129955 -0.268516 54.840171 -9.289187 -92.610733 22.952856
15488 13712 -0.021549 -2.456576 2.269819 0.099222 0.248220 -0.302605 57.867061 -5.537785 -92.783508 22.955850
15440 13712 0.581821 -1.460537 17.018852 -0.184143 -0.239679 -0.179032 60.003692 -1.607744 -93.474639 22.958847
14960 13712 0.399852 0.090984 10.796006 1.394603 -0.256723 -0.093810 56.620693 -11.790122 -88.463981 22.964836
15536 13712 0.251404 -0.996039 13.920598 0.025717 -0.456996 -0.589165 58.223167 -15.184247 -83.798889 22.961841
15456 13712 0.864351 -1.228288 14.394675 -0.314107 -0.514521 -0.320715 60.537849 -7.145528 -89.846229 22.961841
15568 13712 0.926603 -0.067041 17.595884 -0.161772 -0.423972 -0.463462 53.237697 0.178638 -99.003639 22.946865
15536 13712 1.321667 -1.122938 15.010016 -0.271496 -0.469779 -0.400611 43.800914 11.075570 -103.323165 22.937879
15488 13712 -0.105350 -0.833225 12.187108 -0.804136 -0.495346 -0.201403 36.678813 11.790122 -105.742103 22.949861
15792 13712 0.691960 -3.112621 20.409215 -0.056309 -0.219439 -0.319649 28.844505 16.077438 -103.668731 22.949861
15984 13712 0.861956 -0.493231 25.212228 -0.090398 -0.303596 -0.232296 22.434614 15.720163 -101.595352 22.952856
15584 13712 0.634496 -3.349659 12.160771 -0.272561 -0.047928 -0.098071 14.066148 10.896931 -98.658073 22.946865
16016 13712 -0.579426 -0.509991 11.507121 -0.381220 0.017054 -0.266385 12.285623 19.471565 -95.893577 22.916913
15360 13712 0.019155 -2.937835 -1.343216 -0.403591 0.283374 -0.067178 14.066148 18.042459 -96.239135 22.934885
15408 13712 0.179574 -1.946585 3.239520 0.052349 0.108668 -0.051199 19.229669 17.149267 -100.213104 22.940876
15920 13712 0.045492 -0.483653 6.562841 -0.708261 0.078840 -0.076765 21.010194 19.650201 -100.904228 22.922904
15680 13712 0.703931 -0.679988 10.518264 -0.257647 -0.122498 -0.032024 20.119932 28.403474 -97.621383 22.934885
15744 13712 0.452527 -0.442950 13.774545 -0.353523 -0.403732 0.161857 17.449144 30.011219 -96.066352 22.928894
16128 13712 0.100562 -1.711941 16.784208 0.140768 -0.351533 0.004196 11.929518 32.333515 -91.401260 22.922904
15936 13712 0.620130 -1.429411 13.401030 -0.528229 -0.300400 0.112854 8.012363 33.048069 -82.762199 22.913919
15184 13712 0.893083 -2.528406 14.198340 -0.109573 -0.227961 0.132030 5.163523 39.479042 -71.704200 22.925899
14960 13712 1.120543 -1.625746 8.734494 -0.376959 -0.188545 0.308866 8.546521 42.873168 -66.693550 22.910923
15136 13712 2.128554 -0.668016 10.465589 -0.270431 -0.203459 0.314193 13.353938 48.053676 -58.572830 22.907928
14992 13712 1.800531 -1.125332 9.582084 0.080047 -0.247136 0.360000 21.722404 52.876907 -53.216613 22.913919
15072 13712 2.118977 -0.948152 16.619001 0.396435 -0.805343 0.400480 33.829975 54.663291 -50.797676 22.901937
14912 13712 2.363198 -0.198729 14.871145 0.152486 -0.501738 0.423916 48.252227 54.484653 -62.374019 22.898942
15104 13712 1.865178 -1.824475 13.851163 0.453960 -0.415450 0.209795 52.881591 54.127376 -67.903015 22.886962
15280 13712 1.951374 -0.974490 11.629231 0.178052 -0.325967 0.465462 55.730430 47.696399 -77.233200 22.895948
15120 13712 1.697575 1.087023 13.300469 -0.454724 -0.146999 0.182098 59.825641 46.088657 -79.824920 22.889957
14784 13712 2.020809 -4.192461 11.873452 1.222027 -0.196002 0.201273 57.510955 45.195465 -82.416641 22.898942
15136 13712 0.952941 0.529146 5.384834 0.050219 0.245024 0.407937 64.633056 26.974369 -92.092384 22.883966
15344 13712 0.644073 -2.411084 4.601890 0.600969 0.080971 -0.118311 67.659950 26.438453 -89.846229 22.889957
15440 13712 0.890688 0.110139 14.382703 -0.004111 -0.234352 0.302474 68.194107 12.683313 -92.092384 22.883966
15632 13712 0.756606 -1.221105 17.907146 -0.270431 -0.307857 0.080896 60.359798 10.539654 -95.893577 22.877977
15712 13712 1.326455 -1.568282 15.936619 0.105613 -0.254593 0.029763 55.730430 12.326037 -99.349197 22.874980
15328 13712 0.598581 -0.945758 7.001002 0.097091 0.185368 -0.049068 51.813278 8.395997 -101.422569 22.871986
14896 13712 0.859562 -2.334465 -1.010405 -0.032873 0.216261 -0.024567 58.401218 7.860081 -96.757476 22.863000
15008 13712 0.766184 -1.580254 10.956426 0.201489 0.069253 -0.084222 62.496425 5.895061 -94.856887 22.863000
16096 13712 0.960124 0.912237 22.928043 0.167400 -0.185350 0.043611 61.962268 3.930041 -94.338539 22.863000
14960 13712 1.314484 -0.014366 17.715600 0.350628 -0.106519 0.207664 53.059646 1.071829 -99.521980 22.845029
14848 13712 2.071090 0.395063 14.971707 0.003346 -0.414385 -0.208860 50.388858 0.178638 -99.349197 22.854015
15168 13712 2.437422 1.367159 19.338953 0.006542 -0.379231 -0.135356 41.664283 1.786382 -103.323165 22.854015
14304 13712 2.174046 1.034348 9.941232 1.240137 0.037294 -0.124703 38.103233 -6.788252 -98.139732 22.845029
14400 13712 2.810936 1.271386 9.747292 0.038501 -0.398406 -0.550815 43.444808 -24.652072 -74.987045 22.854015
14320 13712 2.363198 0.632101 8.049716 -0.145793 -0.502803 -0.691432 57.154853 -20.543394 -76.542076 22.848024
14592 13712 2.372775 -0.663228 11.155155 -0.460051 -0.470845 -0.560403 63.030586 -10.003740 -81.207168 22.842033
14752 13712 2.557138 -0.277742 8.535764 -0.054179 -0.340880 -0.362261 61.962268 3.572764 -93.301856 22.836044
15120 13712 1.604197 0.567455 10.707416 -0.133010 -0.421842 -0.364391 56.976799 7.502805 -98.139732 22.839038
15456 13712 0.502808 -1.774194 13.662012 0.224925 -0.297204 -0.248276 49.854698 9.289187 -101.940917 22.830053
15456 13712 0.227461 -0.502808 7.578034 -0.139401 0.099080 -0.344151 41.664283 10.361017 -104.359855 22.821067
16128 13712 -0.660833 -1.565888 2.705586 -0.050983 0.147018 -0.361195 46.115596 15.898800 -103.841506 22.836044
16368 13712 -0.237038 -0.720691 18.002920 -0.141532 -0.332358 -0.112985 38.993495 16.613353 -103.495948 22.815078
16864 13712 -0.849985 -0.665622 22.461151 -0.271496 -0.237548 -0.288756 32.583606 20.543394 -103.495948 22.812082
17088 13712 -2.006443 -3.421489 7.156633 -0.080811 0.025576 0.127768 31.337240 19.292926 -103.668731 22.815078
16224 13712 -1.948979 -0.404641 10.326719 -0.369502 -0.373904 -0.282365 24.393192 21.257946 -101.768135 22.812082
16848 13712 -1.723913 -5.935528 13.681166 0.064067 -0.206655 0.030828 17.093040 30.368494 -96.411918 22.806091
16848 13712 -1.580254 -0.780550 17.564758 -0.281084 -0.088409 -0.069308 14.422253 33.405345 -93.820198 22.797107
16608 13712 -2.487702 -3.924297 11.138394 1.310446 -0.083083 -0.170510 13.710043 31.261686 -92.437950 22.791116
16096 13712 -1.187584 -1.826869 9.759263 0.164204 -0.055385 -0.134291 14.422253 26.974369 -94.511322 22.794111
15936 13712 -0.529146 -2.988116 14.722697 0.050219 -0.076691 0.038285 12.819781 26.795730 -93.992980 22.791116
15840 13712 -0.035915 -1.477298 15.024382 0.150355 -0.031949 -0.059721 11.573413 26.617092 -93.820198 22.782131
15344 13712 0.126899 -1.941797 7.649864 0.016130 -0.067103 -0.055460 8.368468 23.044328 -93.474639 22.788120
14864 13712 0.888294 -1.771800 12.132039 0.073655 -0.118237 -0.024567 8.902626 21.436584 -91.919609 22.770149
14960 13712 1.757434 0.517174 20.349357 -0.014763 -0.504934 -0.117246 5.341575 20.007478 -87.772857 22.785125
15152 13712 1.599408 -2.186017 11.808805 -0.250190 -0.117172 -0.124703 -1.602473 16.256076 -79.997703 22.779134
14944 13712 1.434200 2.193201 11.653174 -1.860895 -0.170436 0.558142 -0.534157 29.118026 -71.358642 22.767154
14336 13712 1.896304 -1.312089 8.885335 0.229186 -0.597613 0.030828 3.739103 34.834449 -47.169269 22.755174
14640 13712 2.303339 0.124505 8.272389 0.057676 -0.389883 0.710477 12.463675 46.088657 -50.106552 22.764160
14608 13712 2.530800 -0.316051 6.258762 -0.109573 -0.580569 0.467593 29.912820 50.018695 -41.467491 22.764160
14864 13712 1.290540 -1.556310 12.898222 -0.054179 -0.464453 0.569860 47.183914 53.412822 -47.860397 22.752178
14720 13712 1.055897 -1.769405 17.567153 1.135740 -0.742491 0.355738 57.510955 52.698268 -62.028457 22.755174
15568 13712 -0.028732 0.124505 12.055420 -0.154315 -0.407993 0.085157 61.428112 45.910018 -76.196517 22.755174
15520 13712 0.794915 -2.329677 11.282053 -0.068027 -0.343011 0.400480 60.181743 46.445934 -76.023735 22.752178
15408 13712 0.397458 -3.191633 3.510078 -0.615582 -0.561394 0.173575 61.606166 43.944999 -78.788230 22.746189
15424 13712 1.367159 2.854034 15.010016 -0.488813 -0.118237 0.505943 65.345268 34.119895 -90.019012 22.737203
14944 13712 2.413478 -3.806975 7.807889 0.108809 3.119151 -0.653082 60.359798 24.473434 -95.893577 22.746189
15104 13712 4.525272 -0.656045 34.626708 0.182313 -0.253527 0.295017 62.496425 22.687051 -94.856887 22.734207
15520 13712 -0.124505 -0.677594 12.208657 0.002281 -0.289747 -0.126834 57.689010 20.007478 -97.103042 22.737203
15136 13712 -0.797310 -1.309695 10.803189 0.053415 -0.078821 -0.022436 53.771854 20.722032 -100.213104 22.731212
14832 13712 -0.677594 -1.482086 8.928434 -0.089333 -0.100127 0.119246 54.127960 17.149267 -102.286476 22.719232
14640 13712 -0.277742 -0.905054 4.134997 -0.053114 0.252481 0.126703 56.620693 12.504674 -100.213104 22.719232
14464 13712 0.059858 -1.087023 7.041706 0.006542 0.132104 -0.066113 60.893955 13.933780 -96.411918 22.731212
14544 13712 0.033521 0.562666 10.333902 0.175922 -0.014905 0.078766 60.715904 10.896931 -96.239135 22.722227
14528 13712 0.529146 -0.150842 9.270822 -0.024351 -0.074560 0.043611 60.181743 7.145528 -97.103042 22.710247
14304 13712 0.869139 -0.191546 11.732187 -0.191600 -0.082017 0.036154 56.264591 8.574634 -99.176414 22.716236
14224 13712 1.288146 0.445344 12.879068 0.310147 -0.034080 -0.037350 54.662117 8.038720 -100.731445 22.695270
14112 13712 0.478865 -0.174786 4.362458 -0.700804 -0.111845 0.341890 53.415748 2.143658 -99.521980 22.713241
14176 13712 1.723913 1.328850 10.587700 0.227055 -0.094801 -0.207795 53.415748 -6.073699 -96.066352 22.701261
14224 13712 2.348832 -1.029559 11.294025 0.157812 -0.094801 -0.361195 54.484066 -3.572764 -96.411918 22.698265
14048 13712 1.486875 0.160420 6.823822 -0.143662 -0.023427 0.050003 54.840171 -7.145528 -93.992980 22.695270
13888 13712 1.977711 0.730269 10.034611 -0.735958 0.075644 -0.224839 57.689010 -2.858211 -93.647415 22.683290
14096 13712 0.873928 -0.213095 6.105525 -0.019025 0.052208 -0.405937 60.181743 10.003740 -96.757476 22.692276
14016 13712 1.324061 -0.031126 10.338690 -0.405721 -0.302530 -0.026697 61.250061 13.576504 -96.757476 22.683290
14224 13712 2.312917 1.568282 13.003573 0.343171 -0.029819 0.089418 54.662117 15.184247 -100.040321 22.689279
14352 13712 2.068696 1.412651 13.482438 0.146094 -0.153391 -0.350543 54.484066 8.217358 -99.867538 22.677299
14208 13712 1.197162 -1.209133 9.067304 0.260079 -0.153391 -0.299409 53.059646 16.791992 -100.558670 22.659328
14160 13712 1.587437 1.237865 9.301948 -0.314107 -0.068169 0.117116 51.991329 15.720163 -101.940917 22.665319
13968 13712 1.336033 1.565888 5.001742 0.033174 0.318528 -0.378240 52.703540 18.935649 -101.595352 22.650342
14080 13712 1.728702 -0.397458 10.939665 -0.063766 0.090558 -0.424047 54.127960 25.723901 -97.794166 22.656333
13952 13712 1.271386 -0.538723 8.756042 -0.114900 -0.149130 0.028697 53.059646 27.153007 -98.485290 22.650342
14256 13712 1.510818 0.359149 10.130384 -0.103182 -0.110780 -0.128964 49.320541 28.760751 -98.312507 22.650342
14192 13712 1.652083 -0.320839 12.926954 0.049153 -0.109715 -0.043742 44.335071 32.690792 -98.658073 22.638362
14160 13712 2.269819 0.380697 11.052199 -0.234211 -0.070299 -0.051199 43.444808 33.583984 -98.830856 22.650342
14160 13712 2.334465 -0.253798 15.072268 0.485918 -0.082017 -0.082092 40.239864 31.797599 -99.867538 22.632371
14096 13712 2.291368 0.509991 9.560535 -0.291736 -0.053255 -0.020306 41.308181 31.083047 -101.249794 22.623386
14080 13712 2.403901 -0.055069 10.575728 0.002281 0.070318 -0.139617 37.747131 31.797599 -99.867538 22.629377
14096 13712 2.080667 0.347177 8.662664 0.002281 0.057534 -0.068243 37.747131 35.013088 -99.521980 22.635366
13968 13712 2.186017 -0.804493 10.180665 0.241969 0.060730 -0.101267 37.925182 30.547132 -100.040321 22.632371
13984 13712 2.763050 0.653650 7.585217 0.003346 0.026641 -0.007522 38.281288 32.690792 -98.312507 22.614400
14128 13712 2.116582 -0.162814 10.357845 0.192966 -0.007448 -0.087418 38.637393 33.405345 -99.349197 22.617395
14224 13712 2.595447 1.709547 8.483089 -0.511184 0.051143 0.074504 38.815444 33.941257 -99.521980 22.599424
14240 13712 1.714336 2.415873 5.506945 0.181248 0.061796 -0.205664 40.595970 32.154876 -99.521980 22.611406
14096 13712 2.480519 -1.031954 10.297986 0.208945 -0.042602 -0.373979 34.008026 31.618961 -101.077011 22.596429
14656 13712 1.506030 -0.299290 13.199907 0.060871 -0.062842 0.176771 32.049449 27.153007 -100.213104 22.608409
14432 13712 1.477298 0.917026 10.520659 -0.122357 -0.053255 -0.277038 30.625030 33.583984 -98.830856 22.599424
14480 13712 1.889121 -0.282530 8.246051 0.262210 -0.071364 -0.208860 25.817611 29.475303 -100.385887 22.596429
14528 13712 2.107005 0.565060 9.469551 0.103483 -0.128890 -0.236558 21.010194 24.294795 -99.176414 22.587444
14352 13712 1.984894 0.045492 7.657047 0.188705 -0.082017 -0.345216 17.805250 19.292926 -98.830856 22.596429
14336 13712 1.041531 -0.055069 8.655481 -0.064832 -0.052189 -0.304736 15.134463 15.898800 -98.658073 22.596429
14416 13712 0.857168 0.838013 9.426453 0.080047 -0.023427 -0.333498 14.778358 13.397866 -96.239135 22.590438
14432 13712 0.574638 0.282530 10.721782 0.227055 -0.031949 -0.275973 16.558881 5.537785 -97.275825 22.572467
14352 13712 0.031126 0.380697 -0.011972 -0.107443 0.304680 -0.447483 20.654090 2.500935 -98.139732 22.569473
14528 13712 -0.007183 -0.555483 8.169433 -0.040330 -0.067103 -0.361195 26.351770 12.504674 -103.668731 22.587444
14912 13712 0.201123 0.897871 15.809720 0.123723 -0.411189 0.026567 24.571245 7.145528 -101.595352 22.557493
15056 13712 -1.029559 -0.442950 10.580517 -0.171360 -0.059646 -0.084222 20.476037 6.252337 -99.694763 22.569473
14896 13712 -0.897871 0.131688 7.254801 -0.092529 0.010662 -0.284495 19.407722 9.825101 -100.040321 22.566478
15088 13712 -0.703931 -1.613774 8.717733 0.270732 0.019184 -0.086353 20.119932 5.895061 -99.694763 22.557493
15184 13712 -0.596187 1.041531 10.944454 -0.838225 0.018119 0.022306 18.517459 3.930041 -99.521980 22.551502
15232 13712 -1.144487 -3.074312 6.771147 0.017195 -0.027688 0.091549 20.476037 6.966890 -100.385887 22.548507
15184 13712 -1.324061 0.239432 6.368901 -0.228885 -0.164044 0.044677 20.654090 7.502805 -98.830856 22.548507
15344 13712 -1.053502 -0.308868 11.425713 -0.362045 0.017054 0.057460 18.161354 6.430975 -99.176414 22.539522
15504 13712 -1.065474 -0.780550 12.601326 -0.189469 -0.079887 -0.078896 16.380830 14.291057 -98.139732 22.545511
15184 13712 -0.838013 -0.691960 10.891779 -0.368437 -0.295073 -0.154531 13.710043 13.397866 -97.621383 22.527540
15376 13712 -0.409429 -1.743068 18.591922 -0.024351 -0.093735 0.394089 9.970940 21.436584 -92.610733 22.524545
15152 13712 0.428584 -0.658439 17.155328 -0.956472 -0.439952 -0.067178 8.724573 33.048069 -88.291198 22.518554
15328 13712 1.618563 -2.600235 24.158725 1.220962 -0.091605 0.401546 7.300152 33.762619 -84.835578 22.512565
15200 13712 -0.881111 -1.654478 10.185454 -1.602032 -0.498542 0.315258 9.080677 40.193595 -81.034385 22.533531
15136 13712 -0.560272 -3.052763 1.994472 0.254753 -0.307857 0.192751 10.861203 44.123638 -58.918392 22.515560
15280 13712 -0.292108 -2.861217 9.048150 0.245165 -0.411189 0.271581 20.297985 50.375972 -53.562175 22.518554
15440 13712 -0.469287 -1.336033 13.238216 0.506159 -0.321705 0.443091 28.488399 54.306015 -52.525489 22.509569
15216 13712 0.217883 0.756606 14.638895 -0.069093 -0.260984 0.380240 39.171550 55.377841 -67.384674 22.509569
15168 13712 0.083801 -0.940969 14.816076 -0.161772 -0.252462 -0.007522 42.376495 55.020568 -67.730232 22.509569
15120 13712 -1.178007 -1.807714 -0.110139 -1.502960 -1.193105 0.695563 43.622863 54.841930 -61.337329 22.494594
14576 13712 -0.711114 -1.740673 0.612947 -0.040330 -0.221569 0.451614 50.032752 53.770099 -68.248580 22.503580
14832 13712 -0.052675 -1.218711 11.914155 -0.126618 -0.162979 0.353608 56.264591 50.018695 -71.876983 22.485609
14832 13712 -0.442950 -1.613774 9.902923 0.023587 -0.278029 0.012718 61.250061 48.946868 -70.149169 22.494594
14784 13712 -0.150842 -1.862784 12.855124 -0.313042 -0.255658 0.291822 61.962268 47.517761 -70.149169 22.479618
15136 13712 -0.225066 -0.129293 14.717908 0.422002 -0.323836 0.236427 65.345268 43.051807 -76.196517 22.440681
15216 13712 -0.778155 -2.652911 11.962041 0.301625 -0.087344 0.325911 64.989166 35.191726 -87.600074 22.473627
14784 13712 -0.517174 -0.217883 9.072093 -0.064832 0.120386 0.009522 67.838005 23.044328 -90.364578 22.461647
14720 13712 -0.833225 -1.295329 1.570676 -0.087203 0.204543 0.103267 69.440475 22.865690 -86.390609 22.476623
14752 13712 -0.227461 -1.494058 8.593228 -0.098921 -0.140608 0.253472 72.467369 24.830711 -84.835578 22.455656
14784 13712 0.069435 0.665622 14.983678 0.892856 -0.127824 -0.137486 70.508789 16.077438 -86.045043 22.458652
15056 13712 -0.600975 -2.921075 7.649864 0.505093 0.315332 0.156531 73.001525 10.003740 -85.008354 22.449665
14752 13712 0.026338 1.031954 24.481960 -0.419570 -0.566720 -0.224839 67.125793 4.823232 -91.055702 22.452661
14576 13712 -0.375909 -3.895565 11.768101 -0.387612 -0.052189 -0.187555 63.742794 16.791992 -95.375228 22.449665
14608 13712 -0.821253 -2.892343 21.888906 0.393239 -0.286551 -0.032024 62.674480 20.364755 -94.684104 22.443675
15040 13712 0.651256 1.295329 19.446697 -0.640083 -0.209851 -0.274908 59.291481 23.044328 -98.312507 22.434690
14704 13712 0.002394 -2.897132 14.940581 0.024652 -0.254593 0.238558 52.347434 35.727642 -95.029670 22.434690
14256 13712 -0.141265 -1.759828 6.141440 -0.058440 -0.109715 0.472919 50.744960 34.477172 -96.239135 22.419713
14336 13712 0.100562 -1.462932 9.050544 1.921917 0.107603 0.090484 52.703540 29.653942 -97.103042 22.425704
14128 13712 0.172391 0.414218 11.291631 -0.321564 -0.089474 0.062786 56.442642 2.679573 -97.275825 22.416719
14064 13712 2.054330 -1.240260 16.300556 0.281385 0.180042 -0.133225 58.935379 -3.394126 -95.548011 22.419713
14256 13712 0.572243 -0.227461 11.009100 -0.436615 0.091623 -0.201403 57.689010 -5.716423 -92.956291 22.401742
14160 13712 1.103783 -0.304079 11.449656 -0.228885 0.089493 -0.098071 58.045116 8.931911 -97.103042 22.416719
14144 13712 0.802098 -0.165208 7.551697 0.647841 0.139561 -0.009653 59.469535 5.359146 -97.448608 22.395751
14192 13712 1.927431 0.804493 8.140701 0.072590 -0.160848 -0.313258 61.962268 2.858211 -94.684104 22.407733
14560 13712 2.085456 -1.170824 14.605375 0.777805 -0.042602 -0.148139 60.359798 2.322297 -95.548011 22.407733
14160 13712 2.260241 2.700797 15.079451 0.729868 -0.139542 -0.298344 58.935379 -9.825101 -88.982322 22.395751
14304 13712 2.032781 -0.311262 6.538898 -0.420635 -0.256723 -0.573186 60.537849 -4.287317 -92.956291 22.392757
14384 13712 2.727135 -1.829263 13.805671 0.543444 -0.257789 -0.342020 56.798748 3.394126 -97.966949 22.380777
14576 13712 2.130948 1.539550 14.899877 -0.521837 -0.588026 -0.407002 49.320541 5.180508 -101.768135 22.389762
14736 13712 2.037569 -0.541117 9.220541 -0.108508 -0.300400 -0.454940 38.815444 11.432846 -105.050979 22.392757
14608 13712 2.367986 -0.213095 10.056160 0.156747 -0.254593 -0.327106 33.117763 11.790122 -104.359855 22.368795
14720 13712 1.666449 1.561099 10.503898 0.114135 -0.007448 -0.403807 30.268924 7.145528 -103.668731 22.380777
15040 13712 1.206739 -2.451787 4.855689 -0.699739 -0.143804 -0.262124 29.022558 13.755143 -102.804824 22.380777
15040 13712 1.611380 0.656045 10.183059 -0.326891 -0.197068 -0.032024 26.707874 12.504674 -102.632041 22.365800
14816 13712 1.829263 -1.130121 13.171175 -0.075484 -0.216243 -0.307931 22.790719 16.434715 -101.940917 22.371791
14848 13712 1.213922 -1.225894 10.693050 -0.103182 -0.200263 -0.255733 17.983303 15.898800 -98.312507 22.356815
15312 13712 0.864351 0.498019 6.888469 -0.331152 0.066057 -0.296213 15.312516 12.147398 -98.139732 22.362806
14624 13712 0.780550 -2.406295 4.264290 0.009738 0.242893 -0.383566 17.805250 14.648333 -99.176414 22.347829
15824 13712 0.785338 4.005703 11.418530 -0.082941 0.563543 -0.342020 20.654090 18.221096 -101.249794 22.344835
15264 13712 1.096600 -1.865178 20.785123 -0.254452 -0.738230 -0.137486 16.736934 15.005610 -98.139732 22.359809
15984 13712 0.335205 -1.436594 7.063255 0.126919 0.374988 -0.057590 10.505098 10.896931 -95.202445 22.344835
15296 13712 0.076618 -0.505202 8.102392 0.162073 0.327050 -0.217383 16.736934 6.430975 -97.103042 22.335849
15424 13712 0.986461 -1.106178 16.966176 -0.204383 -0.432495 -0.198207 15.134463 4.108679 -96.239135 22.326864
15872 13712 0.483653 3.036002 17.126598 -0.307716 -0.155522 0.107528 10.505098 1.250467 -91.401260 22.329858
15456 13712 0.567455 -4.724000 10.307564 -0.124487 -0.362186 -0.404872 6.587943 6.966890 -89.673446 22.317878
15136 13712 0.936181 -2.657699 16.956600 0.206815 -0.086278 0.305670 4.095208 9.110548 -86.563385 22.326864
15200 13712 1.838841 0.256193 15.163252 -0.291736 -0.097996 -0.068243 2.492735 18.578372 -83.280548 22.320873
14912 13712 1.458143 -3.383179 6.605939 0.041696 -0.058581 -0.010718 -0.178053 16.256076 -82.416641 22.320873
14816 13712 1.767011 -2.061513 9.306736 -0.057375 -0.029819 0.332302 -1.958578 19.114288 -81.034385 22.317878
14432 13712 2.463759 0.672805 8.392105 -0.203318 0.006401 0.149074 0.178053 26.617092 -78.615455 22.308893
14560 13712 2.444604 -1.644900 7.010580 -0.035004 -0.126759 0.087288 1.246367 29.475303 -74.814262 22.308893
14480 13712 3.040791 -1.206739 9.699406 0.247296 -0.175762 0.467593 2.670788 33.048069 -73.777580 22.308893
14544 13712 2.801359 -0.967307 8.121546 -0.168164 -0.156587 0.368522 6.409890 41.801338 -70.840301 22.314882
14496 13712 2.305734 -0.651256 3.984155 -0.117030 -0.225830 0.271581 13.353938 47.339122 -63.756267 22.305896
14560 13712 2.650516 -0.737452 7.463107 0.100287 -0.096931 0.372783 19.229669 51.447803 -63.237922 22.308893
14528 13712 2.279396 -1.635323 6.249185 -0.043526 -0.055385 0.426047 28.488399 55.020568 -66.002426 22.290922
14864 13712 1.422228 0.502808 9.653914 0.223859 -0.164044 0.277973 36.500762 53.412822 -74.468704 22.284931
14720 13712 1.453354 -2.116582 12.699493 -0.238472 -0.232222 0.116050 40.061813 53.412822 -73.432014 22.290922
15184 13712 1.075051 -0.938575 9.900529 -0.624104 -0.291878 0.307801 43.266757 55.199203 -66.866333 22.284931
15200 13712 1.098995 -2.707980 11.926127 -0.219297 -0.358990 0.353608 47.361965 55.020568 -58.745613 22.284931
15200 13712 1.965740 -1.405468 17.926301 0.495506 -0.238614 0.569860 58.223167 49.125507 -70.321952 22.272951
15088 13712 1.999260 0.701537 14.931003 -0.098921 -0.382426 0.107528 62.674480 45.016826 -74.295921 22.266960
15232 13712 0.782944 -3.009665 11.770496 0.215337 -0.177893 -0.013914 62.318374 42.515892 -81.898292 22.269954
15744 13712 0.866745 0.675199 12.105701 -0.262974 -0.320640 0.059590 59.647586 36.263557 -89.327888 22.275945
15392 13712 0.371120 0.203518 12.433724 0.214272 -0.384557 0.152270 55.552379 33.941257 -92.610733 22.260969
14896 13712 2.315311 -2.114188 11.590922 0.556227 -0.227961 -0.028828 51.101066 29.118026 -98.658073 22.275945
14784 13712 1.525184 -2.296156 13.626096 -0.288541 -0.222634 0.125638 47.183914 30.904409 -99.003639 22.257974
14992 13712 2.640939 -0.622524 10.494321 0.086438 -0.124629 0.299279 45.403388 29.118026 -100.731445 22.257974
14672 13712 1.213922 -0.936181 8.784774 -0.317303 0.177911 0.042546 50.032752 18.042459 -103.495948 22.242998
14544 13712 1.450960 -1.371948 4.898786 0.143963 0.094819 -0.081027 56.620693 21.079307 -97.794166 22.245994
14400 13712 1.714336 0.019155 8.030562 0.424132 0.306810 0.360000 59.291481 10.182378 -97.966949 22.242998
14800 13712 1.122938 0.237038 3.687258 0.016130 0.217327 -0.035220 64.989166 7.324166 -93.474639 22.245994
14608 13712 1.348004 -2.889949 11.298814 0.377260 -0.085213 -0.104463 65.167213 8.217358 -92.610733 22.240003
14944 13712 1.644900 2.061513 14.382703 -0.106378 -0.026623 -0.045872 63.386688 5.001870 -93.992980 22.251983
15280 13712 1.089417 -1.975317 10.920511 1.323229 0.014923 0.079831 61.962268 -3.215488 -92.265167 22.228023
15232 13712 1.051108 1.781377 17.121809 -0.787092 -0.135281 -0.422982 58.935379 -6.966890 -91.055702 22.240003
15008 13712 1.632929 -1.630534 14.195945 0.067263 -0.143804 -0.307931 60.181743 1.071829 -93.992980 22.240003
14736 13712 1.319272 0.888294 9.538986 -0.219297 -0.185350 -0.204599 59.113430 3.215488 -97.103042 22.225027
14912 13712 1.539550 -0.222672 8.399288 0.116266 -0.096931 -0.365457 55.908485 22.865690 -99.521980 22.234012
15056 13712 1.381525 -0.735057 13.705109 0.132245 -0.089474 0.079831 50.388858 20.900669 -101.077011 22.219038
14800 13712 2.559532 -0.766184 16.911108 0.182313 -0.142738 -0.238688 48.608333 23.044328 -101.768135 22.225027
14752 13712 1.182796 -1.412651 6.177355 -0.971385 -0.027688 -0.081027 49.320541 24.473434 -102.459259 22.225027
14752 13712 1.659266 -0.222672 8.959560 -0.269366 -0.132085 -0.058656 43.444808 32.869430 -99.176414 22.210052
14784 13712 1.616168 -0.665622 7.101564 0.047023 -0.022362 0.200208 41.486232 33.048069 -99.349197 22.204061
14320 13712 1.745462 0.088590 8.451963 0.223859 -0.056451 -0.144943 40.595970 36.084918 -97.794166 22.216041
14560 13712 2.786993 0.742240 6.893258 -0.652867 0.184303 0.122442 38.103233 35.370365 -98.485290 22.201066
14416 13712 3.581908 -0.737452 9.974753 0.386847 -0.072430 -0.014979 37.925182 39.479042 -94.511322 22.204061
14016 13712 3.572331 0.476470 9.084065 -0.118096 -0.003187 0.238558 42.910652 38.764492 -96.930259 22.201066
14368 13712 3.957817 -0.440556 10.858259 -0.235277 -0.080952 0.144813 42.376495 36.442192 -96.411918 22.186090
14176 13712 3.012059 1.161247 8.009014 -0.401460 -0.014905 0.228970 45.225334 40.014957 -92.265167 22.192081
14032 13712 3.074312 -0.885900 7.661836 0.196162 0.121451 0.248145 52.169384 43.766361 -88.982322 22.198070
14304 13712 2.854034 -0.213095 12.452878 -0.080811 0.100146 0.627385 57.510955 27.688920 -94.856887 22.192081
14560 13712 2.379958 0.761395 13.922993 0.355954 0.069253 -0.109789 63.920848 36.263557 -85.181137 22.186090
14192 13712 1.745462 -2.425450 5.169345 0.179118 -0.144869 0.078766 64.455001 34.655811 -86.390609 22.180099
14912 13712 2.224327 1.386313 12.144010 0.510420 -0.006382 0.475050 64.455001 18.935649 -93.992980 22.192081
14528 13712 2.602630 0.308868 12.812026 -0.020090 -0.209851 -0.196077 59.469535 16.077438 -97.448608 22.177104
14768 13712 1.901093 -1.518001 12.206263 -0.076550 -0.143804 0.168249 57.689010 16.791992 -99.867538 22.180099
14640 13712 1.407862 -1.058291 1.795743 -0.030743 -0.243940 0.139487 52.347434 20.722032 -101.940917 22.171113
14752 13712 2.142920 1.106178 17.471380 0.409218 -0.086278 0.050003 49.676647 17.685182 -101.768135 22.171113
14304 13712 0.684777 0.117322 4.941884 0.298429 0.404816 -0.407002 56.086536 4.108679 -97.966949 22.183095
14480 13712 1.027165 -1.110966 8.430415 0.026782 -0.105453 -0.054395 63.208637 8.038720 -95.893577 22.162128
14576 13712 1.110966 -0.849985 9.531804 -0.122357 0.011727 0.013783 62.140323 3.394126 -93.474639 22.171113
14608 13712 1.386313 0.603370 13.207090 0.054480 -0.071364 -0.055460 60.893955 5.359146 -96.757476 22.162128
14656 13712 1.685604 -1.101389 12.953291 0.243034 -0.074560 -0.206730 60.893955 5.359146 -96.411918 22.150148
14496 13712 1.091812 0.591398 10.020245 0.064067 0.039425 -0.284495 63.386688 2.858211 -94.684104 22.165124
14608 13712 1.137304 0.122111 9.831093 -0.317303 -0.080952 -0.262124 63.030586 8.931911 -95.029670 22.153142
14608 13712 0.761395 -0.529146 10.029823 -0.265104 -0.021296 -0.123638 61.784217 13.755143 -95.893577 22.138168
14752 13712 0.615341 -0.229855 8.260417 0.169530 -0.090540 -0.210991 63.208637 13.755143 -96.239135 22.147153
14544 13712 1.221105 -1.075051 15.117760 0.352758 -0.107584 -0.234427 58.401218 15.005610 -98.830856 22.156139
14656 13712 0.895477 0.102956 14.691571 0.443307 -0.117172 -0.456005 57.689010 18.578372 -100.213104 22.144157
14944 13712 0.021549 -1.082234 8.296332 -0.059505 -0.099062 -0.079961 54.306011 11.968760 -99.349197 22.147153
15088 13712 0.215489 -0.632101 12.541468 0.325061 -0.198133 -0.350543 48.608333 10.896931 -102.113700 22.135171
15040 13712 0.117322 -0.600975 10.357845 0.012934 -0.172566 -0.329237 44.869228 11.790122 -102.286476 22.129182
14960 13712 -0.122111 -0.567455 11.969224 -0.020090 -0.156587 -0.319649 42.020389 13.576504 -105.396537 22.135171
14832 13712 0.035915 0.349571 8.779986 -0.032873 -0.132085 -0.274908 37.925182 11.254207 -104.532630 22.135171
15248 13712 -0.407035 -2.454182 16.571113 -0.056309 -0.004252 -0.596622 34.898288 17.863821 -104.705413 22.111211
15264 13712 -0.802098 -1.752645 14.931003 -0.108508 -0.209851 -0.058656 29.734767 15.184247 -102.113700 22.111211
15552 13712 -0.526751 0.227461 13.678771 0.343171 -0.229026 -0.381436 25.639560 14.291057 -102.632041 22.126186
15616 13712 -0.569849 -2.181229 -0.703931 -0.190535 -0.039406 -0.365457 22.968772 9.467825 -101.077011 22.117200
15344 13712 -1.642506 -1.913065 3.131775 0.104548 0.207739 0.140552 25.283454 9.289187 -100.904228 22.132177
15648 13712 -1.278569 -1.585042 9.977148 -0.037134 -0.087344 -0.174771 26.351770 12.504674 -102.286476 22.099229
15584 13712 -0.996039 -0.612947 14.382703 0.368738 -0.166174 0.007392 22.612667 14.826972 -100.731445 22.114206
15584 13712 -1.606591 -3.797397 8.351402 -0.084007 -0.061777 -0.188620 18.695512 18.042459 -99.694763 22.105220
15568 13712 -2.233904 -2.049541 3.241914 -0.040330 0.196021 -0.010718 19.585775 21.436584 -100.558670 22.099229
15072 13712 -1.776588 -2.087850 7.192548 -0.054179 0.230110 -0.180098 25.105401 22.687051 -101.422569 22.099229
15600 13712 -1.400679 -0.471682 14.425801 -0.274692 -0.218373 0.097941 23.502929 27.510284 -98.830856 22.096235
15632 13712 -1.350399 -4.204432 17.392368 0.227055 -0.157652 -0.072504 19.051616 32.333515 -96.930259 22.090244
15840 13712 -1.881938 -0.979278 4.915546 -0.215036 0.175781 0.150139 17.449144 37.514022 -93.301856 22.090244
15776 13712 -1.910670 -3.907536 5.990598 0.864093 0.110799 -0.003261 19.229669 38.943130 -91.228477 22.090244
15680 13712 -1.589831 -0.802098 16.736322 -0.016894 -0.176827 -0.023501 20.654090 27.153007 -99.176414 22.075269
15808 13712 -1.553916 -1.403074 13.463283 -0.389742 -0.217308 0.020175 14.244200 25.366624 -96.411918 22.087249
15696 13712 -1.218711 -0.557877 13.829614 -0.079746 -0.221569 -0.000065 11.039256 34.298534 -86.736167 22.072273
15520 13712 -0.924209 -2.700797 14.811286 -0.608125 -0.199198 0.298213 9.792888 38.407215 -80.343261 22.069278
15264 13712 -0.933786 -3.711202 9.948415 -0.226754 -0.252462 0.132030 13.888095 47.160484 -64.274612 22.084255
15248 13712 -0.818859 1.549127 16.271823 -0.512249 -0.265246 0.354673 16.736934 48.232315 -74.641487 22.069278
15120 13712 -0.634496 -2.952201 10.872625 -0.306650 -0.367512 0.103267 19.407722 50.911888 -58.918392 22.069278
15056 13712 0.062252 -1.774194 19.142618 -0.092529 -0.426103 0.427112 29.022558 54.841930 -57.536144 22.072273
14992 13712 0.481259 -2.411084 19.192899 0.351693 -0.313183 0.083027 36.144657 54.484653 -47.514835 22.054302
15072 13712 1.233077 -0.138871 18.508121 0.531725 -0.449539 0.492094 46.471702 55.913757 -64.792953 22.048313
14816 13712 1.501241 -3.055157 17.605463 0.396435 -0.438886 0.079831 49.854698 52.519630 -70.149169 22.057296
15040 13712 1.515607 -1.537156 13.456100 0.076851 -0.166174 0.599688 55.196273 48.946868 -79.133796 22.051307
14672 13712 0.933786 0.713508 9.182231 -0.364176 -0.132085 0.203403 63.564743 44.838188 -70.321952 22.066284
15168 13712 0.150842 2.509251 3.421489 0.250491 -0.438886 0.279038 66.235527 39.657680 -83.626106 22.048313
15552 13712 -0.028732 -0.835619 13.154415 0.443307 -0.259919 -0.081027 63.742794 39.657680 -82.934982 22.039325
15728 13712 0.035915 -2.628968 17.200820 -0.026482 -0.282290 0.266255 58.757324 38.585853 -87.427291 22.054302
15392 13712 0.069435 -0.246615 14.761006 -0.075484 -0.319575 0.117116 55.908485 37.156745 -91.228477 22.057296
15280 13712 0.148448 -1.096600 10.463195 1.373297 0.118255 0.136291 54.840171 15.720163 -98.830856 22.051307
14736 13712 0.055069 -1.048714 9.136739 0.239839 -0.004252 -0.073570 56.620693 6.430975 -99.176414 22.045316
14512 13712 0.438161 -0.536328 8.830266 0.072590 -0.026623 0.035089 57.510955 4.108679 -97.621383 22.030342
14512 13712 1.118149 -1.771800 11.028255 0.406022 -0.068169 -0.185424 56.798748 -0.535915 -96.239135 22.030342
14080 13712 1.012799 -0.371120 7.340996 -0.388677 -0.034080 0.104332 59.113430 -2.143658 -93.647415 22.027345
14480 13712 1.187584 -1.374342 16.889558 -1.435848 -0.327032 -0.154531 57.154853 15.184247 -100.385887 22.027345
14240 13712 0.419007 -2.509251 11.186281 0.153551 -0.080952 0.019110 51.101066 28.403474 -99.003639 22.030342
14336 13712 0.404641 -1.544339 11.303603 0.203619 0.108668 0.804222 55.018222 20.186117 -98.658073 22.021354
14400 13712 0.572243 2.150103 9.725744 -0.176686 0.289766 0.231101 58.223167 13.755143 -99.003639 22.018360
14176 13712 0.110139 0.933786 5.040051 0.979143 0.534780 -0.051199 66.235527 8.931911 -93.301856 22.024351
14480 13712 0.047886 -1.431806 10.712204 0.582859 0.082036 -0.110854 68.550209 3.394126 -89.327888 22.021354
14736 13712 -0.107745 0.287319 8.111969 0.084308 -0.043667 0.076635 67.659950 -3.930041 -83.971672 22.009374
14768 13712 -0.124505 -1.182796 14.188763 0.017195 -0.262050 -0.231231 69.262420 -0.893191 -87.254516 22.009374
15056 13712 -0.258587 -0.081407 15.232687 0.368738 -0.211982 -0.002196 64.455001 -2.143658 -89.500671 22.018360
14864 13712 1.201951 -0.622524 18.455446 1.131479 -0.165109 -0.040546 60.893955 -7.860081 -88.463981 22.009374
14624 13712 1.412651 2.102216 18.271083 -0.790288 -0.500673 -0.412329 59.825641 -15.720163 -77.751548 22.000389
15136 13712 2.277002 -2.315311 24.697448 0.892856 -0.381361 -0.527379 60.181743 3.930041 -96.411918 21.997394
15024 13712 2.351226 0.663228 15.225505 0.108809 -0.365382 -0.267451 55.196273 -8.217358 -92.956291 22.003383
15008 13712 1.216316 -0.414218 13.973274 -0.809463 -0.290812 -0.398480 53.415748 -5.359146 -95.029670 21.988409
14304 13712 1.307301 -3.957817 3.749511 -0.913860 -0.138477 -0.327106 50.210803 32.512153 -97.103042 22.009374
15072 13712 1.326455 0.069435 6.459885 2.179715 0.101211 0.161857 48.608333 10.896931 -102.804824 21.994398
14784 13712 1.199556 2.569109 9.646731 0.091765 -0.351533 -0.794765 48.074176 0.000000 -100.213104 21.979423
15136 13712 1.544339 -3.447826 17.085893 -0.895751 -0.708402 -0.445353 45.759490 0.893191 -100.731445 21.982418
14752 13712 1.031954 -0.818859 14.919032 0.031044 -0.324901 -0.098071 35.432449 10.896931 -104.878196 21.973432
14608 13712 1.618563 -1.731096 15.215928 -0.341805 -0.332358 -0.302605 27.598136 18.399734 -102.804824 21.979423
15536 13712 1.477298 -0.201123 19.494583 -0.086137 -0.344076 -0.098071 19.229669 14.291057 -100.213104 21.985412
15216 13712 0.502808 -1.838841 18.268690 -0.113835 -0.289747 -0.334563 12.107570 10.003740 -97.448608 21.964447
15296 13712 1.125332 -0.615341 14.239044 0.176987 -0.241809 -0.196077 8.012363 6.252337 -92.092384 21.982418
15104 13712 1.501241 -1.853207 9.565323 0.707497 -0.026623 -0.531640 4.985470 4.644593 -87.081733 21.970438
14688 13712 0.940969 1.324061 6.998608 -0.873380 -0.251397 -0.218448 6.944047 -1.607744 -89.327888 21.973432
14944 13712 2.219538 0.215489 12.718648 -0.082941 -0.176827 -0.265320 7.656258 -3.036849 -86.217826 21.958456
15056 13712 1.443777 0.016760 9.392932 -0.160707 -0.221569 -0.252537 9.436783 -6.252337 -84.490013 21.958456
15184 13712 0.895477 0.177180 9.103219 -0.326891 0.158736 -0.274908 11.751465 -15.362886 -77.405982 21.949470
15072 13712 1.051108 -1.455749 10.080103 -0.167099 -0.172566 -0.068243 16.558881 -17.685182 -80.688827 21.970438
15104 13712 1.304906 0.141265 11.693878 0.076851 -0.336619 -0.305801 15.490568 -16.256076 -78.961013 21.955461
14912 13712 2.332071 1.268992 15.354799 0.104548 -0.447409 -0.226970 17.271093 -20.900669 -73.432014 21.961452
15056 13712 0.979278 -1.178007 5.195683 -0.530359 -0.205590 -0.444287 23.324876 -23.758880 -74.468704 21.952466
14784 13712 1.307301 -0.770972 15.883944 -0.005176 -0.193872 -0.329237 30.268924 -26.795730 -71.185859 21.922513
14880 13712 1.886727 0.668016 11.047410 -1.747975 -0.314248 -0.294083 36.678813 -25.009347 -76.023735 21.943481
14736 13712 2.351226 -3.129381 11.310786 -0.484552 -0.122498 0.071309 38.281288 -9.110548 -97.275825 21.964447
14816 13712 2.334465 -0.289713 5.212443 -0.155381 -0.472975 0.279038 28.666452 18.399734 -102.459259 21.934495
14624 13712 4.331332 0.495625 21.096385 -0.223558 -1.117470 0.712607 12.641728 22.687051 -95.548011 21.922513
14416 13712 2.516434 -0.715903 12.460061 1.331751 -0.092670 0.330172 6.231837 21.972499 -90.019012 21.913528
14416 13712 2.394324 -0.830830 12.019505 -0.103182 -0.422907 0.336563 5.519628 29.475303 -87.600074 21.928504
14592 13712 2.439816 -1.577859 13.396242 0.043827 -0.344076 0.446287 5.519628 35.906280 -77.578765 21.937490
14400 13712 2.238693 -1.525184 14.495236 0.308017 -0.385622 0.447353 8.368468 43.409084 -73.086456 21.916524
14656 13712 -0.270559 -0.756606 5.734405 -0.265104 -0.313183 0.454810 15.668621 50.733249 -68.766921 21.916524
14720 13712 0.055069 -0.093379 14.921425 0.482723 -0.674313 0.220448 23.859035 52.519630 -61.510112 21.904542
14816 13712 -1.290540 -1.189979 6.749598 0.430524 -0.196002 0.385566 27.954242 54.127376 -65.138519 21.931499
14896 13712 -0.119716 0.045492 11.614865 0.262210 -0.194937 0.274777 37.925182 55.556480 -71.358642 21.919519
14992 13712 -0.093379 -0.380697 15.419445 0.112005 -0.230091 0.133095 40.774021 54.127376 -73.777580 21.919519
15184 13712 0.052675 -1.127726 21.098779 -0.300259 -0.259919 0.232166 42.554546 53.055545 -76.887641 21.892562
15344 13712 -0.794915 -2.145314 11.238956 -0.113835 -0.351533 0.167184 45.047283 51.983718 -78.615455 21.919519
15232 13712 -1.079840 -0.845196 10.046583 -0.488813 -0.056451 0.352543 47.896121 52.340995 -76.196517 21.910533
14976 13712 -1.321667 -1.848418 0.021549 0.994057 0.573130 -0.061852 51.101066 50.197334 -77.578765 21.901548
15088 13712 -1.743068 -0.469287 2.209961 0.066198 0.082036 0.148009 57.867061 39.479042 -87.945640 21.898553
14944 13712 -0.555483 -3.385574 14.169609 0.174857 -0.040471 -0.111920 57.154853 50.554611 -73.777580 21.895557
15056 13712 -0.632101 0.213095 11.818383 0.238773 -0.025557 0.189555 58.579273 42.694530 -85.872261 21.916524
15072 13712 -1.170824 -0.347177 6.081582 0.442242 -0.102258 -0.054395 57.689010 35.727642 -90.191795 21.898553
15008 13712 -1.079840 -1.755039 15.484092 -0.927709 -0.223700 0.167184 55.552379 35.727642 -93.301856 21.880582
15040 13712 -1.110966 -3.974577 4.235558 0.349563 -0.284421 0.118181 53.949909 51.983718 -72.395332 21.895557
14864 13712 -0.143659 0.998433 15.649300 0.254753 0.122517 0.426047 59.647586 33.405345 -92.092384 21.889568
14848 13712 -1.185190 -1.477298 6.785513 0.338910 -0.219439 -0.509269 63.030586 35.013088 -88.463981 21.865606
15072 13712 -0.773367 2.049541 17.296594 -0.664585 -0.096931 0.144813 58.223167 33.048069 -94.165763 21.871597
14720 13712 -1.245048 -1.537156 10.649952 0.043827 -0.164044 -0.027763 54.484066 46.803211 -83.280548 21.880582
14880 13712 -0.363937 0.608158 9.855037 -0.176686 0.019184 0.230035 57.867061 35.191726 -92.437950 21.880582
14544 13712 -1.326455 -2.128554 -7.791129 1.056909 0.588044 -0.209926 62.140323 26.259815 -92.783508 21.862611
14496 13712 0.002394 0.541117 16.666887 -1.134373 -0.566720 -0.106593 67.659950 29.653942 -88.118415 21.856620
14416 13712 -0.256193 -2.849245 11.492754 0.424132 0.166193 0.175706 61.072006 39.836318 -85.872261 21.868600
14496 13712 -1.309695 0.557877 6.021724 -0.095725 0.021315 0.197012 68.372161 37.156745 -79.133796 21.880582
14560 13712 -0.392669 -2.942624 8.938011 0.504028 -0.136347 0.091549 66.235527 33.583984 -86.736167 21.850629
14528 13712 -0.332811 0.203518 13.843980 -0.351392 -0.203459 0.431373 69.084373 30.725770 -83.626106 21.865606
14400 13712 -1.331244 0.069435 -1.201951 -0.400395 -0.110780 0.212991 71.221000 25.723901 -85.008354 21.838649
14592 13712 0.107745 -1.319272 15.146492 0.110940 -0.127824 0.053199 70.330734 24.473434 -87.600074 21.853626
14672 13712 0.756606 -0.419007 22.255239 0.504028 -0.374969 -0.048003 63.386688 23.937519 -93.647415 21.850629
14512 13712 -1.168430 -0.201123 11.988379 -0.137271 -0.021296 -0.008587 60.537849 22.151138 -96.066352 21.826669
14528 13712 -0.375909 -1.795743 10.827133 0.026782 -0.050059 0.085157 60.537849 17.506544 -98.139732 21.844640
14448 13712 -0.323234 0.045492 8.181405 -0.292802 0.273786 0.178902 59.469535 12.147398 -98.139732 21.841644
14400 13712 -0.466893 0.948152 6.962693 -0.030743 -0.099062 -0.173706 60.181743 12.147398 -97.103042 21.820678
14224 13712 1.065474 -0.598581 13.209485 0.387913 0.112929 -0.236558 59.469535 12.504674 -97.794166 21.847635
14160 13712 1.937008 0.818859 9.024207 -0.258713 -0.021296 0.235362 61.962268 8.931911 -97.103042 21.832658
14272 13712 3.062340 2.418267 14.729880 0.260079 -0.045798 -0.135356 60.537849 10.361017 -97.103042 21.829664
14544 13712 1.671238 -0.500414 6.004964 -0.357784 -0.118237 -0.347347 61.250061 16.791992 -97.794166 21.835655
14640 13712 2.083062 0.615341 10.772063 -0.199057 -0.272703 0.387697 55.552379 17.863821 -100.558670 21.820678
14832 13712 1.819686 0.991250 11.143183 -0.302389 -0.218373 -0.283430 50.032752 20.543394 -103.150382 21.814687
14688 13712 2.035175 -1.309695 10.913328 0.028913 -0.222634 -0.143878 45.047283 19.828840 -103.150382 21.826669
14544 13712 2.861217 -0.232249 8.715339 0.541313 0.079905 0.004196 46.649753 18.221096 -103.323165 21.823673
14112 13712 2.320100 1.101389 8.693790 0.168465 0.023445 0.001000 46.293651 12.861951 -103.668731 21.811693
14384 13712 3.038397 0.292108 8.880547 -0.412113 0.017054 -0.326041 45.225334 13.219227 -102.977600 21.808698
14224 13712 3.055157 0.833225 9.419270 0.050219 0.127843 -0.076765 43.978965 15.541524 -104.532630 21.805702
14304 13712 1.968134 0.098167 1.790954 0.002281 0.300418 -0.397415 51.457172 17.327905 -102.113700 21.805702
14320 13712 2.382352 -1.264203 6.493406 0.315474 -0.035145 -0.213121 55.196273 18.935649 -98.830856 21.805702
14656 13712 1.853207 2.004049 9.723349 -0.065897 -0.127824 -0.248276 51.991329 2.500935 -99.521980 21.802707
14464 13712 1.898699 1.429411 8.763225 -1.115198 -0.156587 -0.887444 50.210803 10.361017 -101.249794 21.805702
14832 13712 3.177268 -3.019242 17.248708 -0.151119 -0.324901 -0.130029 40.417919 24.473434 -103.150382 21.802707
15104 13712 1.024770 1.127726 16.824913 -0.309846 -0.284421 0.008457 34.008026 27.331645 -100.731445 21.799713
14704 13712 1.690392 0.577032 14.289324 1.080345 -0.365382 -0.405937 26.173717 23.044328 -101.422569 21.793722
14544 13712 1.920248 -0.660833 12.845547 -0.044591 -0.118237 -1.005690 23.324876 18.042459 -101.422569 21.793722
14688 13712 0.931392 -1.922642 2.288974 -0.481356 -0.069234 0.194881 20.654090 9.646464 -99.521980 21.787731
14752 13712 1.283357 0.222672 14.176791 -0.425962 -0.184284 -0.100202 17.805250 22.151138 -97.448608 21.778745
14688 13712 1.084629 -3.141353 2.389535 -0.136205 -0.162979 -0.208860 11.217308 24.830711 -93.474639 21.778745
14464 13712 0.797310 -0.093379 6.941144 -0.396134 -0.200263 -0.019240 9.614835 21.793861 -92.265167 21.790727
14064 13712 1.340821 -2.130948 2.470942 -0.156446 0.251416 -0.288756 5.875732 23.758880 -88.291198 21.775751
14720 13712 1.455749 -2.976144 14.942975 0.564749 0.085232 0.228970 12.641728 19.114288 -96.584701 21.781742
14576 13712 1.565888 -0.239432 12.541468 -0.084007 -0.140608 -0.191816 9.080677 14.826972 -94.511322 21.778745
14544 13712 1.951374 1.558705 5.880459 0.067263 -0.106519 -0.099136 6.944047 15.898800 -91.746826 21.775751
14688 13712 2.219538 -1.798137 11.531064 0.135441 -0.170436 -0.536967 6.231837 9.467825 -88.636764 21.772756
14560 13712 1.956162 -1.881938 12.038661 0.067263 -0.232222 -0.071439 4.985470 1.071829 -85.699485 21.775751
14352 13712 1.850812 0.239432 10.863047 -0.283214 -0.135281 -0.230166 1.958578 -1.250467 -79.997703 21.775751
14448 13712 1.752645 -1.613774 4.781465 0.031044 0.412273 -0.482637 7.656258 -4.465955 -87.254516 21.772756
14192 13712 1.984894 -2.672065 9.486311 -1.080044 -0.155522 -0.038415 17.627197 1.250467 -96.930259 21.763771
14592 13712 1.647295 -1.860389 13.865529 -0.365241 -0.341946 0.135225 15.490568 9.110548 -96.584701 21.763771
14656 13712 2.104610 -2.399112 9.024207 -0.346066 -0.390949 0.155466 6.231837 24.830711 -89.327888 21.778745
14656 13712 2.545166 -1.726307 11.818383 0.843853 -0.258854 0.310997 4.451313 28.760751 -82.762199 21.763771
14864 13712 1.901093 -0.035915 9.234907 -0.460051 -0.177893 0.301409 4.629365 24.294795 -85.353919 21.769760
14160 13712 2.822908 -1.822080 10.130384 0.107744 -0.241809 -0.139617 -0.356105 27.867559 -78.442672 21.754785
14192 13712 2.940229 -0.957729 13.077796 0.317604 -0.246071 0.237492 -0.890262 26.617092 -75.850952 21.760774
14304 13712 3.038397 0.696748 6.409605 0.493375 0.101211 0.338694 1.958578 26.259815 -79.652137 21.757780
14048 13712 2.470942 -0.976884 4.637805 0.300560 0.479386 -0.313258 6.409890 22.508413 -89.846229 21.748794
14304 13712 2.351226 -1.743068 6.134257 0.264340 -0.140608 -0.117246 9.970940 17.506544 -93.301856 21.751789
14016 13712 3.821341 -1.245048 14.035526 0.347432 -0.365382 0.043611 5.875732 17.685182 -88.982322 21.745800
14048 13712 2.243481 2.626573 11.660357 -0.157511 -0.092670 -0.516726 2.848840 9.646464 -84.317230 21.742803
14304 13712 2.300945 0.258587 9.347440 2.124320 -0.329162 -0.885313 5.519628 -8.395997 -78.615455 21.742803
14416 13712 3.263463 -0.423795 17.648559 -1.333581 -1.076989 -0.750023 17.449144 -22.865690 -64.274612 21.745800
14384 13712 4.144574 -2.442210 27.513174 0.134376 -1.166473 -0.176902 29.912820 -26.795730 -70.149169 21.733818
13616 13712 1.951374 3.196422 5.564408 0.818286 -0.238614 -0.417655 26.173717 -26.617092 -50.279335 21.745800
14464 13712 2.624179 -1.357581 16.111404 0.351693 -0.899088 -0.677584 49.854698 -21.436584 -38.357429 21.736814
14592 13712 2.834879 -2.233904 17.155328 -1.741583 -0.818126 -0.760676 69.974632 -11.968760 -68.939704 21.727828
14624 13712 -0.550694 -1.355187 13.650040 1.053713 -0.122498 0.121377 71.577102 -1.071829 -81.207168 21.730823
14592 13712 -0.538723 -0.222672 12.376259 -1.245162 -0.304661 -0.564664 69.796577 -3.572764 -81.552734 21.724832
14432 13712 -0.945758 -2.882766 7.812678 0.705366 0.294027 -0.311127 72.111259 16.256076 -87.254516 21.736814
14800 13712 0.304079 2.310522 17.480957 -1.584987 -0.507064 0.172510 71.399055 11.254207 -86.908950 21.721837
14864 13712 -0.598581 -4.060773 13.288497 0.331453 0.037294 -0.356934 61.784217 33.762619 -90.019012 21.736814
14800 13712 -0.993644 0.011972 8.344219 -0.904273 -0.176827 0.389827 64.455001 32.512153 -90.537353 21.718843
14816 13712 -1.290540 -0.543511 8.337036 0.272862 -0.128890 -0.340955 59.291481 41.622703 -86.217826 21.724832
14640 13712 -0.845196 -2.332071 3.967394 -0.128749 -0.172566 0.186359 55.552379 40.372234 -88.463981 21.727828
14624 13712 -1.379130 -0.383092 -1.518001 1.473434 0.290831 0.031893 62.140323 25.545263 -95.893577 21.721837
14768 13712 -1.031954 -0.158025 9.977148 -0.175621 -0.129955 -0.348412 63.208637 23.401605 -94.856887 21.727828
14608 13712 -0.845196 -3.718385 15.452965 -0.321564 -0.097996 0.200208 56.798748 32.690792 -95.893577 21.718843
14448 13712 -0.486048 -1.278569 11.729792 -0.102116 0.026641 0.007392 58.401218 40.014957 -87.772857 21.700872
14464 13712 -1.142092 -1.719124 7.187760 0.337844 0.190695 -0.000065 58.579273 38.407215 -87.945640 21.706861
14400 13712 -0.809281 0.474076 4.199644 0.052349 0.374988 0.051068 64.633056 29.832580 -88.982322 21.706861
14432 13712 -0.732663 -3.562754 11.492754 0.301625 -0.206655 0.038285 69.084373 28.939388 -87.772857 21.709857
14640 13712 -1.240260 -0.316051 9.409692 -0.754068 -0.102258 -0.003261 66.235527 27.153007 -89.500671 21.706861
14384 13712 -0.624918 -1.841235 10.130384 0.278189 0.087362 0.109659 61.606166 35.727642 -87.427291 21.703866
14480 13712 -0.150842 0.052675 14.145665 -0.249125 -0.017035 0.141617 65.879425 26.438453 -90.882919 21.694881
14576 13712 -0.435767 -0.952941 14.863962 -0.021155 -0.156587 -0.029893 65.167213 29.653942 -89.155105 21.694881
14512 13712 0.129293 0.167603 18.697273 0.101352 0.014923 0.438830 67.303848 26.438453 -88.463981 21.688890
14512 13712 -0.849985 0.339994 3.043185 1.057974 0.002140 -0.486898 68.550209 25.187986 -88.291198 21.709857
14096 13712 2.348832 -3.107832 21.173004 0.882203 0.203478 -0.679714 65.701370 27.331645 -89.673446 21.700872
14400 13712 -0.040704 -0.938575 15.848029 -0.550600 -0.392014 -0.274908 66.235527 14.648333 -90.882919 21.691886
14496 13712 1.867572 -1.716730 19.772325 -0.458985 -1.144102 -0.257863 48.074176 21.793861 -101.249794 21.688890
14288 13712 -0.011972 -3.136564 11.617259 -0.982038 0.063926 -0.483703 33.117763 25.723901 -103.323165 21.682901
14016 13712 0.723086 -4.774281 4.882026 -0.213971 0.069253 -0.132160 26.529823 41.979976 -92.092384 21.691886
14144 13712 0.419007 -0.344783 10.891779 -0.987365 0.061796 0.330172 33.295818 48.768230 -86.908950 21.670919
14160 13712 0.895477 -2.490097 6.921990 1.206048 -0.126759 0.084092 33.295818 54.484653 -71.704200 21.688890
14224 13712 2.731923 -0.888294 16.755477 -0.315173 -0.399471 0.261994 35.966606 50.018695 -84.317230 21.685895
14096 13712 0.639284 -2.267425 3.615429 -0.773243 -0.073495 -0.046938 35.966606 52.876907 -77.751548 21.670919
14032 13712 2.332071 -2.832485 13.286103 0.950381 -0.247136 0.349347 35.432449 54.484653 -69.976394 21.682901
14160 13712 0.610553 0.026338 9.072093 0.458221 0.088428 0.647625 52.347434 44.302276 -85.699485 21.688890
14112 13712 0.179574 0.146054 3.840495 0.412414 0.147018 -0.297279 58.935379 39.479042 -87.600074 21.691886
14032 13712 1.070263 -0.919420 10.410520 -0.569775 -0.221569 -0.314323 52.703540 43.587722 -88.118415 21.673915
13840 13712 0.699142 -2.054330 6.261157 0.246230 0.038359 0.291822 49.854698 43.944999 -88.463981 21.676910
13728 13712 3.601063 0.301685 12.000350 -0.855270 -0.627441 0.453744 54.662117 36.263557 -91.401260 21.670919
14080 13712 4.134997 -3.359236 11.643596 0.013999 -0.027688 0.230035 48.608333 48.410953 -83.107765 21.673915
14192 13712 2.375169 -0.668016 11.112057 0.143963 0.073514 1.086521 58.935379 36.620830 -90.364578 21.673915
14144 13712 1.156458 1.620957 4.838928 -0.715718 0.140626 0.200208 68.728263 26.795730 -87.772857 21.658939
14576 13712 0.373515 -0.919420 7.810284 1.708861 -0.008513 -0.032024 69.084373 20.364755 -89.155105 21.658939
14384 13712 -0.569849 1.304906 9.675462 -0.041395 -0.178958 -0.349477 67.303848 15.720163 -91.919609 21.658939
14752 13712 1.352793 -3.287406 22.990295 1.028146 0.148083 -0.468789 63.920848 14.112419 -94.165763 21.664930
14112 13712 1.034348 -2.075879 16.298160 -1.021454 -0.581634 -0.634972 57.867061 36.978107 -90.019012 21.658939
14096 13712 1.070263 -3.562754 6.141440 1.116565 0.499626 0.443091 52.169384 34.477172 -94.511322 21.670919
14368 13712 0.900266 -1.599408 8.308303 -1.332516 -0.341946 0.796765 64.811111 28.224836 -91.919609 21.664930
14192 13712 0.339994 0.770972 14.449744 1.430822 -0.112910 0.149074 63.742794 27.867559 -91.574043 21.658939
13952 13712 -0.004789 0.816464 -1.398285 -0.080811 0.027707 -0.728717 68.016052 12.504674 -91.228477 21.670919
14064 13712 2.497280 -3.285012 17.435464 1.275291 -0.077756 -0.300474 63.386688 20.364755 -95.029670 21.664930
14336 13712 3.842889 0.818859 10.226157 -0.670976 -0.217308 0.511269 58.935379 -1.965020 -92.437950 21.658939
14416 13712 2.413478 0.799704 5.794263 -1.239836 0.034098 -0.569990 58.757324 10.718293 -98.139732 21.643962
14608 13712 3.912325 -2.650516 16.319709 1.314707 0.099080 0.120311 56.442642 19.471565 -100.731445 21.655944
14336 13712 1.994472 0.988856 5.633844 -1.898180 0.010662 -0.310062 53.415748 13.576504 -101.249794 21.640968
14368 13712 3.313744 -3.433460 18.024469 1.097390 -0.047928 -0.199273 47.540016 25.545263 -101.077011 21.658939
14384 13712 2.039964 1.201951 9.491100 0.113070 -0.110780 -0.458136 45.937545 12.861951 -102.977600 21.640968
14272 13712 2.384746 -1.427017 8.190981 0.545574 -0.173631 -0.790503 44.513126 7.860081 -102.286476 21.646959
14464 13712 2.281790 -2.583475 15.531978 -1.987663 -0.370708 -0.238688 38.281288 15.184247 -104.532630 21.634977
14880 13712 2.018415 -3.009665 11.282053 0.446503 -0.302530 -0.044807 32.583606 21.972499 -103.150382 21.625991
14624 13712 1.146881 -1.506030 11.823171 0.066198 -0.157652 -0.385697 28.132295 14.291057 -102.286476 21.622997
14416 13712 1.029559 -3.268252 11.950070 0.427328 -0.069234 -0.354804 21.900457 12.326037 -99.349197 21.646959
14752 13712 1.017588 -1.812503 13.427368 0.085373 -0.193872 -0.412329 20.654090 5.001870 -99.867538 21.631982
14400 13712 1.161247 -2.942624 16.180839 -1.553029 -0.565655 -0.514596 19.229669 -1.071829 -98.485290 21.637973
14720 13712 1.486875 -4.867660 17.217580 1.155980 -0.196002 -0.302605 10.148993 15.898800 -94.511322 21.646959
14800 13712 1.391102 -0.486048 14.418618 -0.764721 -0.149130 -0.157727 6.765995 7.502805 -90.537353 21.622997
15008 13712 1.984894 -3.040791 17.447437 0.769283 -0.134216 -0.208860 5.519628 3.751402 -87.600074 21.631982
14720 13712 0.498019 -0.308868 10.506293 -0.265104 -0.099062 -0.400611 8.902626 -7.145528 -82.243858 21.634977
14432 13712 0.131688 -3.141353 7.451135 -0.367371 -0.155522 -0.561468 12.463675 -1.071829 -91.574043 21.625991
14656 13712 1.673632 1.984894 15.958168 0.299494 0.005336 -0.078896 15.312516 -14.648333 -80.516044 21.634977
14304 13712 2.597841 -3.371208 16.525621 0.765022 -0.251397 -0.686106 21.900457 -13.397866 -90.364578 21.620002
14480 13712 1.573071 1.913065 13.887078 0.260079 -0.053255 -0.146009 25.639560 -25.366624 -67.730232 21.605026
14672 13712 1.513213 -2.473336 4.752733 0.588185 -0.156587 -0.577447 38.459339 -30.011219 -63.237922 21.617006
14960 13712 2.961778 0.009577 19.839366 1.758929 -0.303596 -0.644560 51.991329 -25.009347 -48.378738 21.622997
15296 13712 1.132515 -2.810936 21.261594 0.112005 -1.652241 -0.581708 68.372161 -10.361017 -41.121929 21.605026
15152 13712 4.987376 -1.120543 35.565284 -0.120226 -1.371007 -0.379305 73.713737 -2.143658 -76.369293 21.605026
15200 13712 0.799704 -1.223499 15.670849 1.358383 -0.463388 -0.493290 66.057479 -0.893191 -89.673446 21.617006
15232 13712 0.711114 -4.319360 34.193336 -1.915224 -1.412553 -0.902358 64.098899 -2.500935 -89.846229 21.596040
15584 13712 1.259414 -5.528493 24.007883 -1.616945 -0.997093 -0.149205 53.771854 38.585853 -92.265167 21.602031
14800 13712 0.763789 -2.988116 20.995824 -0.269366 -0.188545 0.547489 29.734767 48.768230 -85.181137 21.605026
14592 13712 1.223499 -1.343216 1.094206 1.528828 0.303614 -0.331368 34.542186 50.375972 -82.243858 21.596040
14944 13712 2.777415 -1.599408 12.993995 -0.368437 -0.184284 -0.037350 30.625030 47.160484 -87.081733 21.602031
14880 13712 2.360803 -2.542772 21.287931 -0.217167 0.070318 0.647625 31.693344 56.092395 -66.693550 21.605026
14688 13712 1.458143 4.427104 12.187108 -0.861662 -0.210916 0.023371 43.800914 50.375972 -82.589424 21.590049
14912 13712 1.450960 -3.071917 9.131951 0.434785 -0.165109 0.416459 36.856868 53.412822 -76.887641 21.602031
14304 13712 1.601803 0.019155 15.273391 -0.551665 -0.216243 0.345086 44.513126 51.090526 -80.170486 21.602031
14496 13712 0.895477 -1.527578 3.160507 1.017493 0.158736 0.160792 45.937545 44.302276 -89.155105 21.590049
14688 13712 1.307301 -2.636150 13.374692 0.001216 -0.008513 0.139487 51.635223 38.585853 -92.265167 21.596040
14800 13712 1.654478 -0.110139 9.902923 1.268900 0.118255 -0.187555 53.059646 26.795730 -99.521980 21.596040
14688 13712 2.004049 0.244221 9.505466 0.031044 -0.106519 0.050003 54.127960 16.791992 -101.249794 21.584058
14640 13712 2.561926 0.124505 14.686782 0.259014 -0.132085 -0.296213 50.210803 19.292926 -101.249794 21.593044
14704 13712 2.444604 0.919420 10.317141 0.795915 -0.085213 -0.210991 45.759490 17.685182 -102.113700 21.602031
14128 13712 1.934614 1.168430 3.684864 -0.075484 0.435709 -0.417655 46.827808 1.607744 -100.731445 21.593044
14592 13712 1.903487 -1.944191 8.583651 0.065133 -0.397340 -0.494355 58.045116 6.788252 -97.448608 21.596040
14544 13712 4.412739 1.589831 30.494106 0.061937 -0.661530 -0.054395 30.803083 8.395997 -102.459259 21.593044
14304 13712 1.699970 2.344043 11.284448 0.413479 -0.190676 -0.595557 25.995664 10.718293 -101.940917 21.590049
14512 13712 2.662488 2.102216 9.546169 -1.252619 -0.868194 -0.574251 24.927349 -12.861951 -91.228477 21.599035
14528 13712 5.430326 -0.409429 24.070137 0.609491 -1.189909 -0.538032 15.312516 -5.716423 -90.882919 21.590049
14608 13712 2.423056 2.008838 20.004573 -0.675237 -0.705206 -0.027763 5.163523 -12.683313 -67.557456 21.584058
14432 13712 2.664882 -0.158025 15.871973 -0.093594 -0.285486 -0.430439 8.546521 -17.506544 -68.421363 21.578069
14352 13712 2.190806 0.622524 10.582911 -0.670976 -0.232222 -0.343086 16.202777 -20.543394 -67.903015 21.581064
14240 13712 2.363198 0.517174 11.385009 0.164204 -0.206655 -0.456005 23.680982 -24.473434 -72.395332 21.575073
14416 13712 2.255453 0.210700 12.366683 -0.476030 -0.200263 -0.274908 30.268924 -25.009347 -74.295921 21.560098
14752 13712 2.875583 -0.699142 13.441734 -0.644344 -0.432495 -0.323911 35.610500 -23.937519 -78.097106 21.581064
14400 13712 1.872361 -2.008838 12.072180 -1.333581 -0.202394 -0.223774 38.815444 -10.718293 -96.757476 21.566087
14672 13712 2.446999 -1.422228 16.393934 -1.112002 -0.595483 0.240688 34.364131 -4.823232 -99.349197 21.557102
14304 13712 3.486135 -2.269819 12.155982 0.360215 -0.062842 0.636973 22.968772 9.825101 -101.768135 21.557102
14704 13712 2.514040 1.484481 9.361806 -0.141532 -0.085213 0.634842 22.078510 18.221096 -100.558670 21.575073
14400 13712 3.469375 -0.727874 11.940493 -0.056309 -0.684966 0.265190 12.107570 26.081178 -93.647415 21.566087
14400 13712 2.839668 -0.174786 14.672416 0.022521 -0.690293 0.737109 5.519628 38.407215 -75.850952 21.560098
14560 13712 2.746289 0.306473 14.725091 0.141833 -0.542219 0.190620 13.710043 45.552742 -76.196517 21.578069
14704 13712 2.564321 -0.885900 10.075315 -0.303455 -0.325967 0.319519 17.983303 49.482784 -71.013076 21.554107
14704 13712 1.685604 -1.685604 8.167038 0.033174 -0.338750 0.297148 27.063980 54.306015 -53.907737 21.560098
15072 13712 2.164469 0.198729 10.649952 0.051284 -0.328097 0.475050 40.417919 55.556480 -62.374019 21.557102
15024 13712 1.462932 -0.593792 10.321930 0.263275 -0.187480 0.159727 48.430278 51.090526 -74.987045 21.536136
14688 13712 -0.277742 -0.517174 9.050544 -0.346066 0.040490 -0.056525 50.744960 49.840057 -81.034385 21.542127
14944 13712 -1.637717 -0.660833 6.423971 1.675837 0.192825 0.710477 58.401218 42.873168 -82.934982 21.551113
14976 13712 -1.597014 -0.143659 9.378566 0.259014 -0.180023 -0.657343 59.825641 47.160484 -80.170486 21.551113
14912 13712 -0.093379 -1.067868 9.328286 -0.191600 0.040490 0.341890 57.154853 43.409084 -83.798889 21.551113
14928 13712 -0.811676 1.039137 7.159028 -0.222493 -0.053255 -0.022436 66.057479 32.690792 -89.673446 21.542127
15104 13712 0.636890 -1.958557 20.536113 0.084308 -0.300400 -0.132160 56.264591 32.154876 -93.647415 21.536136
14880 13712 0.141265 2.111793 15.797748 -1.680862 -0.146999 0.154400 54.306011 28.403474 -96.930259 21.533142
14432 13712 -0.251404 -3.340081 8.176616 2.169062 0.542237 -0.014979 54.484066 48.589591 -81.898292 21.533142
14832 13712 -0.483653 1.934614 8.945194 -0.243799 -0.089474 -0.181163 63.386688 27.510284 -92.956291 21.530145
14800 13712 1.340821 -0.337600 14.006794 0.334649 0.072448 0.593296 57.510955 32.690792 -95.548011 21.542127
14656 13712 -0.055069 -1.817292 8.356190 0.576467 0.014923 -0.445353 58.935379 40.193595 -87.254516 21.521160
14832 13712 0.043098 -0.821253 10.252494 0.082177 -0.043667 0.283299 57.332904 30.368494 -94.684104 21.530145
14864 13712 1.127726 1.132515 17.222370 -1.100284 -0.077756 0.079831 59.647586 30.904409 -93.474639 21.539131
14768 13712 0.220278 -1.743068 10.343479 -0.481356 -0.259919 0.574121 58.935379 43.051807 -82.762199 21.515171
14512 13712 -0.438161 1.666449 8.226897 1.980507 -0.177893 0.127768 68.016052 33.583984 -86.045043 21.521160
14528 13712 1.893910 1.690392 15.184802 -0.232081 -0.115041 -0.163053 63.386688 12.504674 -94.684104 21.524156
14256 13712 0.574638 1.364764 7.819861 -0.455790 -0.197068 -0.093810 63.208637 3.036849 -93.820198 21.512174
14288 13712 -0.069435 -2.274607 5.344130 0.505093 0.317463 -0.604079 61.606166 30.011219 -92.610733 21.515171
14688 13712 -0.668016 -0.349571 2.854034 -1.219596 0.051143 0.543228 64.989166 30.904409 -88.982322 21.515171
14720 13712 -0.395063 -0.239432 17.476169 -0.357784 -0.757405 -0.263190 67.125793 40.193595 -82.071075 21.512174
14496 13712 -0.869139 -3.057551 5.425538 1.488348 1.187797 0.525118 58.579273 29.832580 -92.783508 21.515171
14512 13712 0.124505 3.711202 15.259025 0.238773 -0.726512 -0.041611 67.481895 12.326037 -91.401260 21.521160
14224 13712 0.169997 -1.427017 10.609249 0.031044 0.142757 -0.403807 58.935379 14.826972 -98.312507 21.509180
14080 13712 0.069435 -0.859562 9.270822 -0.416374 0.166193 -0.141748 60.003692 24.473434 -97.621383 21.506185
14624 13712 -0.498019 -0.090984 9.060121 0.361281 -0.107584 0.276908 58.223167 29.475303 -94.511322 21.509180
14160 13712 -0.249010 -0.993644 10.956426 -0.635822 -0.226895 0.183163 58.045116 21.079307 -99.176414 21.506185
14032 13712 0.114928 0.581821 6.668191 0.200423 0.156606 -0.262124 52.347434 23.937519 -101.249794 21.500194
14064 13712 0.732663 -0.543511 10.578123 0.371933 0.368596 -0.117246 56.976799 24.294795 -98.485290 21.497200
14048 13712 -0.126899 1.525184 5.571591 0.216402 0.029837 -0.190750 63.030586 25.723901 -93.992980 21.506185
14224 13712 0.902660 1.130121 11.844719 -0.756199 -0.225830 0.027632 61.072006 32.690792 -91.746826 21.509180
14080 13712 0.873928 -2.181229 12.907799 2.084905 0.170454 0.414329 58.045116 31.083047 -93.992980 21.503189
14000 13712 1.142092 2.581081 10.111229 -0.400395 0.189629 0.238558 63.030586 5.001870 -95.029670 21.503189
13824 13712 0.562666 -0.646467 8.135912 0.766087 -0.010643 -0.581708 66.413581 14.469695 -93.820198 21.497200
13584 13712 -11.665145 -22.564105 -1.589831 -0.547404 1.107901 -1.028061 71.577102 30.725770 -82.934982 21.500194
13392 13712 -7.235646 -4.664143 7.283533 1.240137 -0.770189 0.108593 73.179580 34.834449 -77.924324 21.485218
13680 13712 -3.651344 -1.254626 5.916374 -0.105312 0.017054 -0.240819 72.823471 26.259815 -84.835578 21.497200
13728 13712 -3.644161 0.826042 9.021812 0.004412 0.000009 0.004196 74.069839 26.795730 -86.390609 21.467247
13712 13712 -3.668104 0.847591 8.949982 -0.008372 0.001075 0.002065 73.713737 26.438453 -85.353919 21.470243
13728 13712 -3.670498 0.809281 8.981109 -0.015829 0.002140 0.005261 71.221000 25.009347 -86.045043 21.467247
13744 13712 -3.658527 0.823647 8.981109 -0.000915 -0.001056 -0.001131 72.645416 25.366624 -85.008354 21.476232
13712 13712 -3.641766 0.845196 9.019418 -0.007306 -0.001056 0.002065 73.179580 24.830711 -85.526702 21.452272
13712 13712 -3.658527 0.809281 9.017024 -0.011568 0.000009 -0.000065 72.111259 25.545263 -85.181137 21.464252
13712 13712 -3.656132 0.845196 8.981109 0.009738 0.000009 -0.001131 73.535682 26.617092 -85.872261 21.464252
13712 13712 -3.670498 0.826042 8.983503 0.000150 0.001075 0.002065 73.001525 25.723901 -85.353919 21.458261