sensor_reading pref Accelx Accely Accelz Gyrox Gyroy Gyroz Magx Magy Magz Temperatura(C)
13680 13680 0.198729 0.069435 9.835883 -0.002350 0.001688 0.001023 61.606166 25.366624 -96.411918 22.494594
13680 13680 0.160420 0.277742 9.708983 0.001911 -0.000442 -0.001108 60.359798 24.830711 -97.621383 22.497589
13696 13680 0.160420 0.227461 9.754475 -0.002350 -0.000442 0.002088 62.496425 23.758880 -97.966949 22.491598
13696 13680 0.203518 0.229855 9.759263 -0.002350 -0.000442 0.002088 62.318374 23.580242 -97.448608 22.512565
13712 13680 0.181969 0.263376 9.780813 0.002976 -0.000442 -0.000043 61.784217 24.473434 -96.930259 22.506574
13696 13680 0.184363 0.265770 9.749687 -0.001285 0.000623 -0.000043 60.359798 25.187986 -97.275825 22.512565
13696 13680 0.169997 0.253798 9.785601 -0.007677 -0.001507 0.005284 61.606166 22.865690 -98.139732 22.509569
13696 13680 0.215489 0.244221 9.764053 0.001911 -0.000442 0.003153 61.428112 23.758880 -96.930259 22.506574
13728 13680 0.172391 0.289713 9.766447 -0.001285 0.001688 -0.004304 61.428112 24.830711 -97.275825 22.518554
13712 13680 0.193940 0.258587 9.754475 -0.003416 -0.001507 0.009545 62.318374 23.937519 -96.757476 22.527540
13696 13680 0.189152 0.244221 9.783207 -0.006611 -0.001507 0.002088 61.072006 23.758880 -98.312507 22.518554
13728 13680 0.004789 -0.658439 9.141529 0.005107 0.002754 -0.008565 61.250061 24.294795 -96.757476 22.521551
13664 13680 0.591398 -0.737452 9.570113 0.018955 -0.000442 0.017002 62.318374 24.294795 -98.139732 22.515560
13744 13680 0.385486 0.143659 9.792784 0.007237 -0.004703 -0.002173 63.030586 24.652072 -97.103042 22.530536
13648 13680 0.184363 -0.735057 8.796746 -0.004481 0.003819 0.001023 62.852531 24.830711 -94.856887 22.530536
13632 13680 0.167603 1.745462 10.499110 0.007237 -0.005768 0.004219 61.428112 23.044328 -96.584701 22.539522
13728 13680 2.712769 0.660833 10.264466 0.113765 0.113543 0.018067 61.072006 25.187986 -99.003639 22.545511
13680 13680 1.673632 0.021549 5.303427 -0.032178 0.457629 -0.197120 59.825641 25.723901 -98.830856 22.539522
13696 13680 0.641679 0.174786 10.333902 0.049848 -0.262501 -0.142790 60.181743 26.081178 -98.139732 22.530536
13808 13680 0.967307 0.083801 12.955686 0.126549 -0.882494 -0.120419 57.510955 29.832580 -97.275825 22.560487
13840 13680 0.471682 -0.536328 10.190242 -0.074789 0.353231 0.111812 55.730430 29.118026 -98.658073 22.539522
14048 13680 -1.242654 -0.639284 13.137655 0.017890 0.150828 0.090506 58.223167 30.189857 -97.966949 22.545511
13616 13680 1.144487 0.186757 13.492014 0.083937 0.534329 0.057483 57.867061 28.403474 -97.966949 22.566478
13696 13680 4.834139 -0.921815 12.744985 -0.112074 -0.624697 -0.038393 50.388858 29.118026 -100.040321 22.563482
14032 13680 3.191633 -0.026338 9.728137 0.466373 0.247768 0.252429 41.308181 29.296665 -103.323165 22.578458
14032 13680 3.433460 2.403901 6.763965 -0.141902 0.374537 0.155488 48.786384 16.434715 -104.359855 22.560487
13760 13680 3.639372 0.679988 5.648210 -0.191970 0.421409 -0.508181 57.867061 32.333515 -96.239135 22.572467
13600 13680 3.088678 -0.881111 14.047497 0.751868 -0.379682 -0.188597 52.525485 30.189857 -98.312507 22.575464
14144 13680 2.906709 0.751818 9.213358 0.226685 0.070932 0.133117 56.264591 -3.572764 -99.521980 22.587444
13808 13680 2.748684 0.445344 8.080843 -1.745149 0.312750 -1.100477 55.908485 25.366624 -99.521980 22.572467
13568 13680 3.761482 -6.625093 8.018590 0.847744 -0.408445 -0.636015 36.678813 52.876907 -79.133796 22.596429
13920 13680 3.249097 -1.932219 10.867835 1.492238 0.690925 0.204491 34.008026 34.834449 -100.040321 22.581453
13968 13680 3.160507 0.210700 9.629970 -0.813029 -0.024944 0.104355 44.335071 34.477172 -102.113700 22.602420
14160 13680 2.609813 -0.416612 11.933310 -0.297433 -0.211368 -0.147051 41.308181 43.230445 -92.956291 22.596429
14528 13680 2.715163 -2.236298 12.273303 0.382216 -0.284872 0.346174 34.720237 37.692661 -99.003639 22.593435
14144 13680 3.131775 1.209133 13.178359 -0.385851 0.157219 0.103290 33.473869 38.585853 -97.448608 22.596429
13760 13680 2.937835 -1.707153 5.116670 0.203249 0.192374 -0.375021 33.295818 37.335384 -98.658073 22.602420
13696 13680 3.040791 0.169997 5.966655 -0.701174 0.214745 0.393046 39.171550 38.228576 -96.411918 22.596429
13968 13680 3.474164 1.917853 8.626749 -0.250561 0.174264 0.291844 46.471702 38.407215 -94.511322 22.590438
14160 13680 3.172479 -0.718297 9.795179 -0.786397 -0.176213 0.008480 50.210803 47.875038 -82.934982 22.605415
14384 13680 4.877237 -1.941797 18.318969 0.838156 -0.371160 0.534728 49.498596 42.873168 -91.574043 22.593435
14336 13680 1.872361 2.020809 2.940229 0.083937 -0.184736 0.060678 53.415748 25.009347 -100.558670 22.605415
14336 13680 2.758261 -1.642506 12.574989 0.063697 -0.228412 -0.185401 45.047283 28.046197 -102.113700 22.602420
14400 13680 2.296156 0.237038 11.387404 0.418436 -0.134667 0.025524 42.198444 28.046197 -102.804824 22.605415
14064 13680 2.401507 0.565060 8.969137 0.100982 0.009145 0.348304 39.349601 16.613353 -106.606010 22.605415
13936 13680 2.633756 0.699142 4.228375 -0.198362 0.154024 -0.070351 42.020389 22.151138 -105.742103 22.608409
14000 13680 2.746289 0.143659 4.915546 0.010433 0.256291 -0.058633 46.827808 21.972499 -102.804824 22.608409
14080 13680 2.820513 1.273780 8.099998 -0.681999 0.277596 0.059613 52.525485 23.044328 -102.459259 22.614400
13952 13680 2.899526 -0.371120 8.746465 0.017890 0.112478 -0.365434 54.484066 34.655811 -95.029670 22.620391
14256 13680 4.041618 -1.551522 19.786691 -0.439115 -0.419097 0.200230 48.786384 32.154876 -99.521980 22.629377
14080 13680 2.549955 0.186757 8.212531 0.109504 -0.343462 0.015937 44.691177 38.764492 -97.275825 22.623386
14128 13680 3.493318 -0.390275 13.175964 0.403522 -0.157038 0.363218 40.417919 31.261686 -101.077011 22.635366
13904 13680 3.083889 0.589004 6.605939 -0.024721 0.066671 0.166141 41.664283 27.867559 -104.014289 22.620391
13744 13680 3.644161 -0.119716 7.925211 0.116961 0.086911 0.188512 44.869228 25.366624 -104.014289 22.635366
13776 13680 3.862044 0.569849 6.617911 -0.122727 0.197700 0.317411 47.896121 25.187986 -101.077011 22.629377
13776 13680 2.913892 -0.323234 4.400767 0.950011 0.279727 0.269473 55.908485 19.292926 -100.213104 22.638362
14000 13680 4.803013 1.685604 12.874279 -0.501967 0.069866 0.470811 59.825641 1.429106 -96.757476 22.644351
14016 13680 2.801359 0.368726 6.093554 0.433349 0.075193 -0.327084 62.674480 6.430975 -96.411918 22.644351
14256 13680 2.217144 -0.033521 9.541380 -0.107813 -0.188997 -0.394196 62.674480 -1.071829 -95.029670 22.653337
14128 13680 2.516434 0.014366 9.498283 0.360910 0.001688 -0.385674 65.167213 3.930041 -95.029670 22.647348
14352 13680 2.241087 -0.378303 11.921339 -0.332587 0.150828 0.071331 63.920848 2.322297 -93.129074 22.659328
14432 13680 1.807714 0.196335 14.186368 -2.626137 0.084780 -0.287668 66.057479 19.828840 -93.820198 22.641357
14768 13680 1.017588 -2.372775 10.652347 0.322560 0.089041 0.291844 66.591636 35.370365 -85.353919 22.662322
14560 13680 0.938575 2.037569 9.957993 -0.445507 0.182786 0.060678 70.330734 16.613353 -89.673446 22.665319
15040 13680 0.189152 -2.224327 17.325326 -0.556296 -0.780228 -0.373956 72.823471 25.545263 -82.762199 22.671308
15136 13680 1.424623 -5.059206 21.103569 0.255448 -0.449991 0.320607 56.620693 28.939388 -96.411918 22.647348
14880 13680 1.484481 1.654478 16.791391 1.126847 -0.342397 0.585862 50.923015 9.289187 -102.977600 22.665319
14416 13680 1.707153 -0.057464 12.718648 0.180878 -0.048380 -0.902335 47.005859 4.644593 -103.323165 22.662322
14736 13680 2.154891 -2.130948 14.954946 0.276753 -0.170887 -0.131072 47.540016 3.751402 -102.804824 22.644351
14352 13680 2.049541 0.126899 12.541468 -1.094263 -0.111231 -0.190728 43.800914 13.933780 -106.433227 22.671308
14224 13680 2.413478 -1.841235 13.238216 0.491940 -0.160234 -0.498594 38.993495 24.473434 -104.187072 22.668313
13968 13680 2.506857 0.016760 4.937096 -0.165338 -0.125080 0.138444 35.966606 11.790122 -106.778793 22.662322
13984 13680 2.844457 1.290540 4.546821 -0.412483 0.135914 -0.287668 32.761661 14.648333 -104.014289 22.674304
13904 13680 3.701624 -1.371948 9.131951 -0.175991 0.048561 -0.507116 36.322708 25.009347 -104.014289 22.671308
13920 13680 4.029647 0.615341 10.075315 0.063697 -0.026009 0.007414 31.693344 26.081178 -104.359855 22.665319
13920 13680 2.846851 0.919420 4.221193 -0.026852 0.236050 -0.232274 34.364131 24.116157 -104.187072 22.680294
13920 13680 2.815725 -0.533934 10.999524 -0.945124 0.212614 -0.509247 37.747131 30.368494 -102.286476 22.674304
14192 13680 2.382352 -1.714336 6.629882 -0.090769 0.027255 -0.350520 34.542186 40.014957 -96.066352 22.680294
14240 13680 2.446999 -1.446171 11.066565 -0.128053 -0.227347 0.241776 31.693344 37.871299 -97.794166 22.680294
14464 13680 2.566715 -1.314484 13.403425 -0.558427 -0.473427 -0.032001 25.639560 38.228576 -95.720794 22.686285
14240 13680 2.698403 -1.582648 13.207090 -0.096095 -0.212433 0.172533 21.010194 42.158615 -90.537353 22.683290
14096 13680 2.755867 0.169997 8.902096 -0.135510 -0.173018 0.143770 20.476037 44.480911 -83.798889 22.677299
14160 13680 2.882766 -0.134082 7.544514 0.495136 0.022994 0.387720 23.859035 44.659549 -86.736167 22.698265
14032 13680 3.431066 -0.213095 8.212531 -0.128053 0.160415 0.300367 33.295818 47.696399 -87.600074 22.683290
14048 13680 3.541205 -0.493231 9.541380 0.562248 -0.004703 0.209818 39.527656 47.875038 -87.427291 22.692276
13984 13680 3.811763 -0.608158 11.157549 -0.042831 -0.138929 0.247102 42.376495 44.659549 -90.537353 22.686285
14016 13680 3.715990 0.150842 10.681078 0.269296 -0.104840 0.291844 44.157020 39.300403 -95.375228 22.701261
14096 13680 3.701624 -0.191546 11.085720 0.227750 -0.055837 0.093702 43.622863 35.191726 -98.312507 22.710247
13984 13680 3.842889 0.574638 11.370644 0.465308 -0.052641 0.222601 44.513126 28.224836 -102.286476 22.698265
13792 13680 3.651344 0.361543 10.451224 0.259709 -0.030270 -0.131072 44.513126 19.292926 -104.359855 22.692276
13936 13680 3.823735 0.201123 9.349835 0.227750 -0.029205 -0.296191 44.157020 16.077438 -105.050979 22.701261
13904 13680 3.498107 0.538723 8.483089 -0.258018 -0.049445 -0.240796 42.020389 12.504674 -106.087661 22.707250
13856 13680 3.232337 0.093379 9.000264 -0.145098 0.000623 -0.397392 41.308181 23.937519 -105.050979 22.707250
14048 13680 3.229943 -0.335205 9.699406 -0.356023 -0.109101 -0.275950 39.349601 36.620830 -99.003639 22.704256
14080 13680 3.522050 -0.035915 10.281227 0.054110 -0.110166 0.063874 35.432449 36.978107 -99.003639 22.704256
14064 13680 3.385574 0.306473 9.902923 -0.082246 -0.117623 -0.058633 33.829975 35.370365 -99.176414 22.707250
14032 13680 3.294589 0.325628 7.463107 -0.473204 -0.087795 -0.094853 30.625030 37.871299 -97.794166 22.713241
13872 13680 3.567542 -0.861956 9.443213 0.098851 -0.109101 0.101159 26.885927 37.692661 -97.621383 22.701261
13952 13680 3.967394 -0.021549 9.938838 -0.190905 -0.132537 0.185316 26.173717 35.906280 -95.548011 22.719232
13728 13680 3.921902 0.205912 5.875670 -0.196231 -0.044119 0.127791 27.242033 42.694530 -92.437950 22.704256
13776 13680 3.562754 -0.265770 7.661836 -0.294237 0.032582 0.559230 29.200609 45.016826 -88.463981 22.713241
13936 13680 3.093466 0.414218 5.018503 0.724171 0.188113 0.821289 48.074176 45.731380 -87.427291 22.722227
13888 13680 3.799792 2.300945 8.461541 0.226685 0.687729 0.673215 59.825641 28.582113 -94.338539 22.704256
13872 13680 2.894737 1.120543 9.091248 0.071154 -0.073946 -0.304713 73.535682 20.900669 -84.144454 22.725221
14112 13680 4.726395 -1.848418 20.545692 0.624035 -0.593803 -0.264232 67.303848 23.937519 -92.610733 22.704256
14400 13680 2.724740 -0.964912 17.986160 0.126549 -0.540539 -0.029870 53.415748 16.434715 -101.940917 22.722227
14304 13680 2.892343 -0.191546 13.219061 0.026412 -0.234804 -0.145986 42.554546 14.826972 -104.878196 22.722227
14032 13680 2.624179 0.167603 8.150279 0.021086 0.052822 -0.122550 42.198444 15.898800 -106.951568 22.710247
14112 13680 3.122198 -0.059858 8.712944 0.091394 0.087976 -0.221621 43.978965 15.541524 -105.569320 22.716236
14080 13680 2.786993 0.150842 6.481434 -0.232451 0.135914 -0.307909 45.581439 16.077438 -106.433227 22.728218
13952 13680 2.904315 0.148448 9.143922 0.018955 -0.137863 -0.385674 45.047283 21.257946 -105.223762 22.713241
14144 13680 2.959384 -0.225066 11.526275 -0.066267 -0.228412 -0.190728 39.883758 23.937519 -104.705413 22.725221
14112 13680 3.215577 0.059858 10.051371 -0.067332 -0.244391 -0.223752 32.939712 25.902540 -104.532630 22.725221
13920 13680 3.335293 -0.004789 9.471945 -0.200493 -0.125080 -0.140660 26.885927 27.331645 -103.841506 22.728218
13968 13680 3.550782 -0.141265 9.946022 -0.423136 0.070932 -0.161965 24.215139 32.154876 -98.830856 22.725221
13840 13680 3.407123 0.325628 6.632277 -0.282519 0.067736 -0.057568 24.215139 40.372234 -93.647415 22.731212
13904 13680 3.670498 -0.217883 10.022640 -0.150424 0.051757 0.171468 25.817611 40.193595 -93.474639 22.737203
13904 13680 3.672893 0.639284 7.970704 -0.235647 0.019798 0.165076 28.844505 44.302276 -89.846229 22.734207
13920 13680 3.766271 -1.249837 11.167126 -0.086507 -0.191127 0.190643 30.981134 47.875038 -86.390609 22.743192
13936 13680 3.584303 -0.260981 9.608422 -0.098226 -0.258240 0.407960 33.295818 50.197334 -82.416641 22.713241
13904 13680 3.847678 -0.960124 10.501504 0.402456 -0.164495 0.619951 41.842338 50.911888 -84.490013 22.725221
14048 13680 3.404728 1.180402 7.757609 0.647471 0.107151 0.562426 52.525485 38.049938 -93.820198 22.734207
13888 13680 3.119804 1.443777 9.280399 0.218163 0.070932 0.073462 59.469535 21.079307 -97.448608 22.731212
14096 13680 3.115015 -0.512385 12.155982 0.097786 -0.312569 -0.424024 55.196273 23.580242 -99.521980 22.725221
14096 13680 3.172479 0.203518 9.708983 0.147854 -0.145320 0.164011 50.032752 21.257946 -102.459259 22.731212
14128 13680 2.925864 1.000827 8.906885 0.519637 0.095433 -0.105505 48.964435 14.826972 -104.187072 22.719232
13936 13680 2.375169 0.725480 6.560447 0.268231 0.078389 -0.547597 52.703540 7.502805 -102.977600 22.734207
14160 13680 2.315311 0.299290 8.471117 0.078611 -0.132537 -0.556119 54.306011 6.252337 -102.113700 22.734207
14256 13680 2.159680 -0.986461 12.452878 -0.504097 -0.438272 -0.731890 50.744960 17.327905 -103.150382 22.743192
14512 13680 1.980106 -2.408690 15.144098 -0.058810 -0.173018 -0.118289 40.595970 21.436584 -105.050979 22.728218
14528 13680 1.934614 -1.206739 11.770496 -0.545643 -0.251848 -0.250384 32.761661 36.442192 -98.485290 22.737203
14592 13680 1.707153 -2.317705 16.022813 0.806198 -0.293394 0.054287 24.927349 39.657680 -95.720794 22.740198
14368 13680 1.635323 1.778983 9.732926 0.324691 -0.143190 -0.110832 23.146825 28.939388 -100.558670 22.740198
14320 13680 1.755039 0.407035 8.586046 0.132940 -0.086730 -0.449591 19.051616 14.826972 -101.768135 22.731212
14384 13680 1.944191 -0.565060 8.370556 -0.102487 -0.055837 -0.477288 18.339406 8.395997 -102.459259 22.725221
14384 13680 1.711941 -1.400679 9.835883 -0.424201 -0.031335 -0.418698 18.161354 11.432846 -101.595352 22.737203
14448 13680 1.994472 -0.289713 9.967570 -0.761895 -0.019617 -0.271689 17.983303 17.327905 -102.459259 22.725221
14560 13680 1.043925 -1.225894 9.316314 -0.140837 -0.069685 -0.024544 15.668621 26.081178 -98.139732 22.731212
14672 13680 0.926603 0.464499 10.084892 -0.243104 -0.076077 0.071331 13.531991 30.368494 -96.757476 22.722227
14640 13680 1.309695 -0.794915 10.192636 -0.070528 -0.097383 -0.077808 14.244200 30.368494 -93.647415 22.734207
14752 13680 1.438989 -0.699142 11.569373 -0.092899 -0.138929 0.160815 11.039256 32.512153 -90.537353 22.728218
14768 13680 1.228288 -1.209133 12.397809 -0.175991 -0.134667 0.083049 10.327046 36.084918 -88.463981 22.722227
14816 13680 1.477298 -1.953768 15.649300 0.190466 -0.102709 0.165076 10.148993 36.263557 -85.181137 22.728218
14672 13680 0.871534 -1.223499 9.785601 -0.014068 -0.102709 -0.007500 10.505098 40.908149 -83.453323 22.731212
14624 13680 1.146881 -0.244221 9.931655 -0.019395 -0.114427 0.341912 10.861203 43.766361 -79.997703 22.746189
14416 13680 1.446171 -0.790127 7.431981 -0.185579 -0.066489 0.200230 17.093040 47.875038 -78.097106 22.734207
14496 13680 1.460537 -0.158025 5.806235 -0.137641 -0.065424 0.148031 18.517459 50.733249 -73.604797 22.728218
14400 13680 1.714336 -1.690392 11.466417 -0.122727 -0.079273 0.516618 25.105401 51.983718 -73.086456 22.731212
14624 13680 1.328850 -0.584215 7.908451 -0.611691 -0.060098 0.293975 34.008026 55.556480 -66.520767 22.734207
14672 13680 1.075051 -2.001655 8.739282 -0.245234 -0.322157 0.446310 43.266757 53.412822 -53.734958 22.749183
14912 13680 0.960124 -2.545166 12.093729 -0.376264 -0.379682 0.442049 54.662117 50.197334 -54.426082 22.734207
14912 13680 0.536328 -2.245876 9.598844 -0.416744 -0.479818 0.384524 63.564743 44.838188 -53.389396 22.719232
15456 13680 -0.361543 -0.833225 12.017111 0.858397 -0.526691 0.458028 71.577102 38.943130 -68.075798 22.734207
15248 13680 -0.174786 -2.075879 24.283231 0.417370 -0.462774 -0.062894 70.686843 26.974369 -86.908950 22.710247
15328 13680 -0.608158 -2.226721 17.476169 -0.295302 -0.330679 0.013806 58.757324 30.011219 -95.375228 22.737203
15200 13680 -0.342388 0.146054 12.144010 -0.098226 -0.201780 0.239646 57.332904 27.867559 -96.066352 22.725221
15056 13680 0.055069 -0.464499 9.292370 -0.135510 -0.072881 -0.122550 54.662117 30.904409 -96.584701 22.731212
14720 13680 0.708720 -0.471682 9.764053 0.079676 -0.113362 0.255625 52.703540 31.083047 -98.830856 22.722227
14816 13680 0.656045 0.129293 7.393671 0.932966 -0.002573 0.051091 54.840171 20.364755 -102.286476 22.725221
14640 13680 1.017588 0.098167 8.339430 0.000846 0.033647 -0.045850 54.484066 8.931911 -102.286476 22.713241
14736 13680 0.957729 -0.723086 7.827044 0.048783 0.086911 0.051091 54.484066 8.574634 -100.904228 22.725221
14656 13680 1.300118 -0.201123 7.266772 -0.063071 0.176394 -0.019218 56.798748 10.182378 -100.385887 22.725221
14496 13680 0.895477 0.428584 4.700057 0.075415 0.171068 -0.023479 60.893955 9.646464 -97.103042 22.719232
14880 13680 0.806887 -0.186757 6.483829 -0.010873 0.115673 -0.030936 64.633056 8.753273 -95.548011 22.725221
14688 13680 0.744635 -0.119716 7.877325 0.105243 0.077323 -0.000043 66.769683 9.467825 -93.474639 22.719232
14800 13680 0.897871 -0.634496 10.357845 -0.015134 0.018733 -0.057568 66.769683 9.110548 -92.783508 22.722227
14832 13680 0.086196 -0.272953 8.109575 0.089264 -0.004703 0.025524 64.989166 10.182378 -93.474639 22.725221
15136 13680 -0.011972 0.208306 13.640462 -0.284650 -0.064359 -0.059698 66.413581 10.182378 -93.474639 22.719232
15056 13680 0.397458 -1.029559 11.914155 -0.089703 -0.073946 0.056417 65.879425 14.291057 -94.338539 22.725221
15312 13680 -0.208306 0.098167 8.068871 -0.093964 -0.043053 -0.032001 64.989166 11.968760 -94.856887 22.716236
15248 13680 0.064647 0.440556 11.083325 -0.037505 -0.038792 0.024459 63.920848 13.397866 -95.202445 22.710247
15136 13680 0.181969 -0.663228 10.566151 -0.010873 -0.056902 0.003153 62.318374 14.291057 -95.720794 22.713241
15040 13680 0.055069 -0.076618 9.785601 -0.105682 -0.038792 0.021263 61.428112 14.826972 -96.584701 22.716236
15072 13680 0.366332 -0.912237 9.668279 0.016825 -0.030270 0.030851 61.606166 15.005610 -97.794166 22.716236
15024 13680 0.016760 -0.579426 10.087286 -0.002350 0.003819 0.071331 60.537849 15.362886 -98.485290 22.707250
14992 13680 0.000000 0.172391 7.113536 -0.025786 0.124196 0.085180 62.140323 14.826972 -96.930259 22.704256
15008 13680 0.296896 -0.241827 4.336120 -0.009807 0.135914 0.091572 63.920848 12.683313 -96.930259 22.713241
15120 13680 0.143659 -1.055897 6.921990 -0.036439 0.125261 0.105420 67.303848 14.291057 -93.301856 22.707250
15312 13680 -0.237038 0.646467 6.881286 -0.030048 0.117804 0.046830 68.728263 13.219227 -90.537353 22.698265
15520 13680 -0.160420 -0.996039 16.049152 0.700735 -0.242261 0.002088 68.906318 7.324166 -91.055702 22.707250
15600 13680 -0.921815 0.026338 17.717994 0.499397 -0.325353 -0.239731 66.769683 0.893191 -92.437950 22.716236
15616 13680 -0.316051 -1.235471 16.453792 -0.120596 -0.284872 -0.154508 62.674480 -3.572764 -92.265167 22.704256
15152 13680 -0.517174 0.409429 14.373126 0.253317 -0.138929 -0.273820 59.113430 -3.572764 -94.684104 22.707250
15216 13680 -0.110139 0.196335 11.279660 0.262905 -0.099513 -0.207772 62.140323 -5.180508 -93.129074 22.710247
14960 13680 -0.035915 0.541117 6.323409 0.096721 -0.013225 -0.332410 62.140323 -2.322297 -93.129074 22.698265
15088 13680 -0.158025 -0.313656 4.621045 -0.153620 -0.040923 -0.245057 65.167213 0.357276 -91.228477 22.719232
15216 13680 -0.330417 0.658439 6.416788 -0.270801 -0.001507 -0.403784 65.701370 7.324166 -93.820198 22.686285
15200 13680 -0.797310 -0.835619 12.955686 -0.059875 -0.184736 -0.144921 63.386688 13.576504 -96.066352 22.695270
15520 13680 -0.713508 0.074224 12.019505 0.123353 -0.231608 -0.288734 58.401218 17.863821 -98.139732 22.680294
15504 13680 -0.945758 -0.339994 13.978062 0.358780 -0.229477 -0.160900 53.237697 19.471565 -103.150382 22.695270
15360 13680 -0.907449 0.600975 13.013150 0.015759 -0.206041 -0.289799 48.074176 15.720163 -103.323165 22.686285
15552 13680 -0.890688 -0.548300 13.527930 -0.024721 -0.168756 -0.187532 42.376495 18.221096 -103.668731 22.674304
15040 13680 -0.845196 0.584215 11.883029 -0.005546 -0.115492 -0.265297 38.637393 19.114288 -105.223762 22.686285
15488 13680 -0.861956 -0.079013 10.748120 0.123353 -0.135733 -0.148117 34.542186 20.007478 -105.396537 22.692276
15616 13680 -0.634496 0.040704 10.154327 -0.146163 -0.019617 -0.279146 34.720237 23.044328 -104.878196 22.689279
15408 13680 -0.462104 -0.177180 9.263639 -0.234581 -0.030270 -0.044784 31.871397 25.902540 -104.532630 22.692276
15376 13680 -0.490836 -0.502808 9.488705 -0.068398 -0.019617 -0.140660 31.159187 25.902540 -103.495948 22.686285
15280 13680 -0.603370 1.374342 10.295593 -0.704370 0.040039 0.006349 28.844505 33.583984 -100.213104 22.701261
15072 13680 -0.407035 -1.302512 15.050720 0.888224 0.008080 0.021263 27.598136 39.121765 -96.930259 22.686285
15136 13680 -0.050281 0.991250 11.169521 0.616578 0.033647 -0.302582 29.022558 25.902540 -101.768135 22.677299
15472 13680 -0.287319 -1.800531 11.478388 0.456786 -0.128276 -0.092722 24.749298 9.467825 -104.878196 22.680294
15296 13680 -0.471682 -0.356754 10.472772 -0.311282 -0.041988 -0.462374 25.105401 9.110548 -104.187072 22.671308
15584 13680 -0.775761 -2.130948 8.645903 -0.436985 -0.087795 -0.152378 23.502929 15.362886 -103.323165 22.680294
15712 13680 -1.271386 -0.059858 4.508512 -0.548839 -0.114427 -0.041589 21.366300 23.222967 -101.940917 22.677299
15952 13680 -1.039137 -0.584215 11.543035 -0.206884 -0.130406 0.078788 19.051616 32.333515 -97.966949 22.677299
16000 13680 -1.386313 -0.663228 15.235082 0.669842 -0.173018 0.007414 17.093040 32.154876 -95.375228 22.677299
15776 13680 -0.861956 -0.634496 11.545430 0.095656 -0.075012 0.045764 13.531991 27.153007 -95.720794 22.662322
15488 13680 -0.778155 0.083801 10.187848 -0.263344 -0.054771 -0.251449 12.285623 23.401605 -95.893577 22.665319
15296 13680 0.007183 -1.242654 14.588615 -0.161077 -0.115492 -0.036262 8.190416 18.221096 -95.375228 22.680294
14992 13680 0.306473 0.143659 11.054593 -0.903578 0.056018 -0.266363 8.724573 17.685182 -95.548011 22.659328
14992 13680 0.337600 -1.664055 5.925951 -0.086507 -0.105905 0.123530 7.122100 28.582113 -89.155105 22.662322
14880 13680 0.282530 0.141265 13.683561 -0.401831 -0.087795 0.329129 7.656258 33.048069 -86.217826 22.656333
14608 13680 0.701537 -0.402246 7.652258 -0.035374 -0.002573 0.108616 8.368468 35.549003 -85.181137 22.656333
14880 13680 0.912237 -1.594620 9.392932 0.009368 -0.084599 0.129922 9.258730 35.370365 -88.809547 22.650342
14880 13680 0.679988 -0.105350 7.113536 0.139332 -0.029205 0.056417 11.751465 37.514022 -86.390609 22.659328
14528 13680 0.845196 -0.019155 9.040966 -0.161077 -0.101644 0.134183 10.861203 37.335384 -86.908950 22.644351
14608 13680 1.403074 -1.019982 13.614125 -0.270801 -0.084599 0.161880 12.107570 41.444065 -82.243858 22.659328
14480 13680 1.374342 -2.312917 7.580429 -0.175991 -0.275285 0.302497 15.668621 48.589591 -70.840301 22.644351
14528 13680 1.628140 -0.052675 10.001091 -0.409287 -0.426554 0.374936 22.790719 52.876907 -64.965736 22.650342
14384 13680 1.721519 -0.895477 12.914982 -0.030048 -0.421228 0.221536 29.556715 53.948738 -53.216613 22.650342
14784 13680 1.194767 -0.423795 10.848681 0.903138 -0.305112 0.421809 37.747131 56.092395 -65.656860 22.647348
14688 13680 1.405468 -1.259414 12.654002 0.253317 -0.361572 0.306758 43.444808 55.020568 -70.840301 22.635366
14688 13680 1.546733 -1.019982 10.420097 -0.670281 -0.337071 0.313150 51.635223 52.876907 -64.965736 22.647348
14672 13680 0.869139 -1.065474 12.948503 1.850173 -0.258240 0.591188 57.510955 49.840057 -73.086456 22.629377
14704 13680 1.197162 0.390275 11.425713 -0.107813 -0.250783 -0.112962 59.825641 33.941257 -94.684104 22.647348
14832 13680 1.807714 -1.606591 16.063518 0.108439 -0.372225 0.219405 51.991329 33.583984 -97.448608 22.629377
14704 13680 1.453354 -0.284925 8.765620 0.772109 -0.001507 0.158684 51.991329 21.436584 -102.286476 22.638362
14400 13680 1.608985 -1.098995 7.362545 0.168095 0.048561 -0.089526 53.593803 11.968760 -102.113700 22.632371
14272 13680 2.344043 0.902660 11.966831 -0.583993 0.046430 0.074527 54.662117 14.112419 -103.841506 22.638362
14176 13680 1.910670 -0.976884 5.827784 -0.036439 0.132718 -0.096983 56.620693 25.366624 -100.213104 22.614400
14352 13680 1.848418 0.143659 9.390538 -0.170665 0.208353 0.194904 59.113430 24.294795 -97.103042 22.623386
14384 13680 2.195595 0.251404 11.018678 -0.106748 0.127392 0.109681 65.879425 28.224836 -93.301856 22.632371
14480 13680 1.235471 -0.766184 8.609989 0.151050 0.017668 0.384524 66.769683 21.972499 -92.437950 22.617395
14656 13680 0.770972 1.029559 6.316226 0.385412 0.107151 0.015937 67.659950 8.217358 -92.265167 22.620391
14848 13680 0.416612 -0.993644 13.966091 0.072219 -0.176213 -0.319627 70.686843 7.324166 -88.982322 22.617395
14880 13680 0.624918 -1.649689 13.906232 -0.114205 -0.343462 -0.037327 66.413581 9.825101 -94.165763 22.620391
14832 13680 0.586609 -0.747029 16.149713 0.087133 -0.097383 -0.117223 60.181743 11.790122 -97.448608 22.617395
14800 13680 0.555483 -1.070263 10.204608 -0.040700 -0.071816 -0.262102 59.469535 15.362886 -98.139732 22.611406
14704 13680 0.409429 -0.478865 14.404252 -0.093964 -0.174083 0.140574 56.442642 14.826972 -101.077011 22.605415
14816 13680 0.644073 -1.082234 9.941232 0.054110 -0.020682 -0.134268 56.264591 17.863821 -100.904228 22.596429
14544 13680 0.960124 -0.835619 10.087286 -0.246300 0.015537 -0.018152 55.552379 15.720163 -101.249794 22.614400
14544 13680 1.008010 -1.024770 8.856604 0.336409 0.093303 -0.174749 56.620693 15.005610 -100.558670 22.593435
14576 13680 1.189979 -0.435767 6.402421 -0.283584 0.115673 -0.149182 58.045116 14.648333 -99.867538 22.599424
14704 13680 0.689565 -0.184363 6.972270 -0.529664 0.003819 -0.043719 60.537849 20.007478 -98.485290 22.599424
14832 13680 0.909843 -0.586609 9.311526 -0.479596 -0.046249 -0.016022 59.113430 23.937519 -97.103042 22.584449
14848 13680 1.048714 -1.266597 14.049892 -0.631931 -0.126145 -0.017087 58.757324 34.298534 -93.992980 22.596429
14592 13680 0.799704 -0.167603 11.301208 0.414174 -0.193258 0.007414 56.976799 34.655811 -94.338539 22.608409
14544 13680 1.110966 -1.484481 11.389799 0.121222 -0.062228 -0.203511 53.059646 30.725770 -96.757476 22.587444
14496 13680 1.178007 -0.179574 10.470378 0.097786 -0.044119 0.226862 53.415748 26.438453 -100.213104 22.587444
14480 13680 1.424623 0.098167 7.487050 0.032804 0.133783 -0.236535 55.374328 27.331645 -100.040321 22.593435
14416 13680 1.364764 -1.235471 9.658702 -0.198362 0.061344 0.145901 55.908485 27.153007 -100.558670 22.587444
14288 13680 1.324061 0.792521 7.228463 -0.421006 0.135914 0.001023 58.045116 30.011219 -97.103042 22.581453
14448 13680 1.338427 -0.972095 6.380873 -0.321934 -0.013225 0.137379 60.181743 37.514022 -87.081733 22.575464
14512 13680 1.297723 -1.142092 11.157549 -0.048157 0.001688 0.369610 64.989166 36.620830 -86.908950 22.575464
14592 13680 0.991250 -1.314484 9.036178 -0.148294 -0.051576 0.199165 68.372161 35.370365 -81.207168 22.563482
15088 13680 -0.035915 -0.694354 9.282793 -0.523272 -0.199650 0.351500 71.221000 32.512153 -82.934982 22.575464
14864 13680 0.689565 -2.894737 18.170522 0.432284 -0.381813 0.238580 68.906318 29.832580 -85.526702 22.572467
14976 13680 0.100562 1.321667 5.770320 0.415240 -0.118688 0.018067 66.235527 18.578372 -95.720794 22.578458
15312 13680 -0.498019 -1.862784 10.092075 0.098851 0.025125 0.282257 64.098899 17.506544 -96.411918 22.557493
15312 13680 -0.466893 1.134909 3.866833 0.005107 0.058148 0.009545 64.276954 12.326037 -94.856887 22.572467
15344 13680 -0.770972 -1.039137 10.228551 0.524964 0.084780 0.149097 67.481895 10.182378 -93.474639 22.572467
15520 13680 -0.634496 -1.352793 15.706764 0.016825 -0.251848 -0.205642 64.276954 8.753273 -95.202445 22.563482
15632 13680 -0.660833 -1.496452 17.694051 0.529225 -0.222020 0.378132 61.250061 3.572764 -97.103042 22.557493
15392 13680 -0.660833 -0.809281 13.214273 -0.138706 -0.210302 -0.270624 56.620693 -7.860081 -93.301856 22.536525
15376 13680 -0.524357 0.282530 10.467984 -0.226059 -0.019617 0.079853 53.771854 -4.644593 -96.066352 22.542516
15296 13680 -0.397458 -0.847591 9.414482 -0.133380 0.053887 0.071331 55.552379 -1.429106 -97.794166 22.557493
15440 13680 -0.622524 0.881111 6.505377 -0.116335 0.129522 -0.025609 58.579273 -0.893191 -97.966949 22.545511
15456 13680 -0.481259 -0.557877 5.157373 0.321495 0.177460 0.135248 60.715904 1.965020 -96.930259 22.542516
15280 13680 -0.773367 -0.361543 6.364112 0.363041 0.067736 -0.184336 63.030586 -3.215488 -91.574043 22.539522
15376 13680 -0.471682 -1.029559 14.040314 0.155311 -0.151712 -0.005369 64.098899 -5.001870 -90.537353 22.533531
15744 13680 -0.909843 0.521963 11.076142 0.597403 -0.069685 -0.281277 63.564743 -10.896931 -85.526702 22.530536
15632 13680 -0.826042 0.169997 8.928434 0.584619 -0.162365 -0.191793 64.276954 -13.755143 -78.269889 22.521551
15424 13680 -0.861956 -0.227461 13.899049 0.097786 -0.329614 -0.400588 69.796577 -11.432846 -76.023735 22.536525
15392 13680 -1.048714 -1.180402 17.722784 -0.076920 -0.451056 -0.350520 68.194107 -5.537785 -81.034385 22.530536
15616 13680 -0.284925 -2.382352 19.865703 -0.069463 -0.553323 -0.351585 66.947738 2.143658 -92.265167 22.533531
15392 13680 -0.727874 -1.946585 20.330202 -0.341110 -0.528821 -0.320692 57.332904 8.574634 -100.213104 22.521551
15424 13680 -0.265770 -1.077446 14.318057 -0.024721 -0.187931 -0.131072 49.854698 12.504674 -103.668731 22.527540
15120 13680 -0.435767 0.548300 9.632365 -0.145098 -0.021748 -0.207772 46.827808 17.327905 -105.914886 22.512565
14960 13680 -0.268164 0.074224 6.665797 0.493005 0.083715 -0.220556 46.827808 9.467825 -105.569320 22.512565
15248 13680 -0.301685 -0.663228 11.437685 0.038130 -0.072881 -0.435742 48.608333 6.966890 -102.804824 22.515560
15280 13680 -0.275347 0.148448 10.345873 -0.063071 -0.103774 -0.250384 46.827808 11.254207 -104.532630 22.515560
15264 13680 -0.608158 -0.249010 8.621960 -0.363480 -0.079273 -0.300452 44.691177 21.615222 -104.532630 22.509569
15520 13680 -0.699142 -1.496452 11.909366 0.141463 -0.202845 -0.040523 39.171550 30.725770 -102.977600 22.500583
15584 13680 -0.974490 0.086196 8.983503 0.096721 -0.072881 -0.104440 36.500762 28.760751 -101.422569 22.500583
15488 13680 -0.888294 0.172391 11.780073 0.529225 -0.041988 -0.169422 32.583606 20.900669 -105.569320 22.500583
15472 13680 -0.794915 -0.727874 14.495236 -0.092899 -0.161299 -0.159835 29.022558 14.469695 -105.223762 22.503580
15280 13680 -0.881111 -0.093379 5.095121 -0.219668 -0.170887 -0.305778 25.461507 17.327905 -104.532630 22.485609
15552 13680 -0.873928 -0.931392 13.444128 -0.183448 -0.149581 -0.044784 21.010194 20.364755 -101.940917 22.494594
15728 13680 -1.125332 -0.821253 18.453052 -0.119531 -0.096317 -0.187532 18.873565 21.793861 -102.286476 22.491598
15600 13680 -0.656045 -1.563493 12.888645 -0.227125 -0.164495 0.028720 16.736934 21.436584 -100.558670 22.488603
15376 13680 -0.584215 -0.529146 10.247706 0.407783 0.030451 -0.193924 14.778358 23.758880 -98.658073 22.488603
15200 13680 -0.452527 1.352793 6.718472 -0.256952 0.111412 -0.071416 16.024724 21.436584 -99.521980 22.479618
15360 13680 -0.404641 -1.321667 9.615605 0.111635 0.054953 0.007414 16.736934 21.436584 -100.904228 22.476623
15248 13680 -0.462104 0.232249 4.932307 0.002976 0.141240 -0.058633 19.229669 21.436584 -101.249794 22.464641
15328 13680 -0.596187 1.755039 5.576380 -0.105682 0.000623 0.031916 19.585775 23.222967 -101.249794 22.476623
15376 13680 -0.589004 -1.680815 8.815900 0.079676 -0.136798 -0.176879 19.585775 25.723901 -100.558670 22.461647
15328 13680 -0.900266 0.550694 18.053199 -0.938732 0.004884 -0.032001 17.627197 32.333515 -98.658073 22.452661
15856 13680 -0.972095 -2.997693 12.977235 -0.034309 -0.161299 0.203426 14.066148 31.976238 -94.511322 22.458652
15456 13680 -0.361543 -0.861956 15.733101 0.263970 -0.088860 -0.121485 13.710043 35.549003 -91.401260 22.461647
15536 13680 -0.749423 0.215489 7.482262 0.097786 -0.144255 0.323803 13.353938 39.121765 -89.327888 22.461647
15504 13680 -0.919420 0.553089 11.564584 0.268231 -0.077142 0.001023 15.668621 36.799468 -91.574043 22.449665
15232 13680 -0.407035 -1.546733 14.332422 0.121222 -0.184736 0.115008 13.710043 38.407215 -88.982322 22.449665
15072 13680 0.131688 -0.426190 11.016283 0.137202 -0.056902 0.176794 15.312516 40.729511 -87.772857 22.449665
14944 13680 0.165208 -0.119716 9.773630 -1.084675 -0.103774 0.089441 14.066148 47.696399 -79.306579 22.431694
14880 13680 0.349571 -0.624918 7.843804 -0.280389 -0.186866 0.436722 21.544351 51.269165 -59.955081 22.440681
14912 13680 0.567455 -0.854774 9.989119 -0.341110 -0.514973 0.236450 30.625030 53.591461 -50.797676 22.437685
15152 13680 0.581821 -2.152497 14.571854 0.412044 -0.498993 0.472942 42.020389 53.948738 -47.687614 22.452661
15216 13680 0.150842 -2.842062 18.869665 0.060501 -0.652394 0.194904 55.018222 53.055545 -62.719581 22.422710
15472 13680 0.181969 -1.908276 19.202476 -0.060941 -0.590608 0.058548 56.976799 50.018695 -66.347984 22.428699
15504 13680 -0.596187 -2.585870 17.354057 0.060501 -0.420163 0.401568 57.867061 49.125507 -74.468704 22.431694
15168 13680 -0.067041 -0.694354 10.812767 0.046653 -0.231608 0.220470 65.523323 45.731380 -77.060424 22.410728
15424 13680 -0.325628 -0.071830 14.286930 1.429387 -0.230543 0.494248 66.235527 27.510284 -91.919609 22.440681
15424 13680 -0.323234 -1.948979 13.951725 -0.500902 -0.249718 -0.107636 63.208637 12.326037 -96.930259 22.410728
15168 13680 -0.107745 -0.244221 10.173481 0.006172 -0.029205 -0.061829 59.469535 11.432846 -98.485290 22.410728
15040 13680 -0.007183 -0.653650 14.109750 0.105243 -0.154908 -0.168357 57.154853 12.326037 -100.040321 22.413722
14848 13680 0.584215 -1.261809 13.573422 0.016825 -0.252914 0.022328 52.169384 8.038720 -101.768135 22.407733
14576 13680 1.137304 -0.328022 8.945194 -0.256952 -0.010030 0.348304 47.005859 6.073699 -103.323165 22.401742
14288 13680 1.460537 1.058291 2.880371 0.000846 0.288249 -0.190728 50.566909 6.788252 -104.014289 22.416719
14288 13680 1.618563 0.658439 6.912413 -0.035374 0.276531 -0.026675 57.510955 10.896931 -100.040321 22.401742
14272 13680 1.563493 -0.047886 5.047235 0.162768 0.147632 -0.040523 60.003692 14.469695 -99.003639 22.410728
14464 13680 1.024770 0.110139 5.789474 0.051979 0.138044 -0.084200 61.784217 15.898800 -96.584701 22.386766
14384 13680 1.110966 -0.574638 6.344958 0.088199 0.028320 0.118204 63.742794 13.219227 -95.375228 22.398748
14608 13680 1.012799 -0.311262 7.736060 -0.226059 0.073062 -0.090591 65.879425 11.790122 -95.375228 22.383771
14720 13680 0.732663 -0.838013 8.904490 -0.233516 -0.037727 0.080919 68.194107 13.040590 -93.129074 22.386766
14720 13680 0.383092 0.507597 5.334553 -0.468943 0.071997 -0.314300 66.769683 17.327905 -92.092384 22.374786
14960 13680 0.249010 -0.943364 7.771975 0.225620 0.024059 0.353631 67.303848 22.508413 -91.574043 22.374786
15104 13680 -0.105350 0.380697 6.400027 -0.216472 -0.003638 0.144836 68.906318 12.326037 -94.165763 22.377780
15200 13680 -0.117322 -0.826042 10.044188 0.015759 -0.034531 -0.018152 67.125793 12.683313 -92.437950 22.374786
15248 13680 -0.373515 -0.696748 12.661184 -0.178122 -0.266762 0.010610 67.125793 12.326037 -94.511322 22.353820
15232 13680 -0.299290 -1.695181 13.171175 -0.151490 -0.153842 0.176794 58.935379 14.112419 -99.349197 22.368795
14896 13680 -0.059858 0.165208 9.376173 -0.227125 0.071997 -0.110832 57.332904 15.720163 -100.904228 22.368795
14912 13680 0.043098 -2.423056 9.708983 0.195792 -0.050510 0.256690 58.401218 14.648333 -100.904228 22.365800
15024 13680 0.244221 0.359149 8.700973 0.154246 0.065605 -0.036262 58.935379 11.254207 -98.312507 22.356815
14928 13680 0.201123 -0.864351 7.412826 0.142528 0.079454 0.125661 60.715904 7.681443 -97.621383 22.368795
14816 13680 0.220278 0.440556 7.877325 0.256513 0.103955 -0.062894 62.674480 0.714553 -95.375228 22.347829
14912 13680 0.268164 -0.634496 8.459146 -0.116335 0.070932 -0.117223 63.030586 2.500935 -94.338539 22.338844
14992 13680 0.184363 -0.186757 8.916462 -0.142967 0.045365 0.028720 64.811111 3.930041 -93.647415 22.359809
15040 13680 0.002394 -0.213095 8.260417 -0.326196 0.034712 -0.074612 64.633056 5.537785 -93.129074 22.359809
15168 13680 -0.014366 -0.323234 11.021073 0.139332 -0.005768 0.007414 65.523323 9.289187 -92.610733 22.335849
15152 13680 -0.062252 -0.687171 11.440079 -0.144033 -0.026009 -0.081004 66.235527 9.289187 -93.647415 22.341838
15152 13680 -0.256193 -0.878717 7.731271 -0.080116 -0.050510 0.059613 65.345268 10.896931 -94.856887 22.347829
15360 13680 -0.088590 -0.883505 11.487966 0.990491 -0.079273 -0.050111 63.386688 7.145528 -96.066352 22.341838
15120 13680 -0.452527 0.428584 7.774369 1.002209 -0.065424 -0.400588 62.318374 -6.073699 -91.919609 22.326864
15184 13680 -0.265770 -0.742240 11.895001 -0.040700 -0.247587 -0.232274 65.345268 -11.254207 -83.107765 22.332853
15088 13680 -0.009577 -0.972095 15.982111 0.162768 -0.478753 -0.525226 65.345268 -2.322297 -89.673446 22.332853
15136 13680 0.169997 -0.960124 19.159378 0.107374 -0.413771 -0.420828 60.715904 -0.893191 -93.820198 22.338844
15328 13680 0.280136 -0.826042 17.236736 -0.004481 -0.462774 -0.389935 54.306011 1.607744 -99.694763 22.314882
15168 13680 -0.040704 -2.214749 13.204695 -0.049223 -0.418032 -0.381413 46.293651 6.430975 -103.668731 22.311887
15184 13680 -0.292108 -0.553089 13.676378 -0.130184 -0.329614 -0.336671 39.883758 9.646464 -106.087661 22.314882
15040 13680 0.067041 -0.706325 14.222283 -0.089703 -0.325353 -0.388870 31.515293 9.110548 -104.878196 22.296911
15104 13680 -0.608158 -0.936181 15.448177 0.037065 -0.320026 -0.328149 27.242033 8.395997 -104.187072 22.308893
15088 13680 -0.938575 0.253798 11.880635 0.038130 -0.115492 -0.437873 21.722404 5.001870 -102.632041 22.323867
15072 13680 -1.271386 0.021549 8.372950 -0.338979 -0.079273 -0.159835 21.366300 3.572764 -102.632041 22.299907
14992 13680 -1.204345 -0.158025 9.878980 -1.078284 -0.078208 -0.207772 19.051616 15.541524 -103.495948 22.305896
15088 13680 -1.350399 -2.370380 13.073008 -0.373068 -0.060098 0.050026 17.983303 33.048069 -95.548011 22.311887
15056 13680 -0.869139 -0.287319 12.371471 -0.166404 -0.095252 0.132052 17.093040 36.084918 -92.265167 22.308893
14912 13680 -0.926603 -1.824475 8.590834 0.479157 -0.073946 0.175729 18.517459 36.442192 -93.992980 22.299907
15040 13680 -1.213922 -0.102956 13.901444 -0.242038 -0.031335 -0.072482 18.873565 37.514022 -93.647415 22.275945
14880 13680 -0.677594 -0.883505 7.625921 0.183009 -0.100578 0.117138 16.558881 36.620830 -93.474639 22.290922
14848 13680 -0.933786 -0.471682 10.875019 -0.038570 -0.064359 0.056417 17.627197 37.335384 -94.511322 22.284931
14736 13680 -0.158025 -0.845196 11.478388 0.278884 0.071997 0.045764 17.805250 35.727642 -93.301856 22.278940
14672 13680 -0.538723 0.332811 11.605287 -0.140837 0.013407 0.097963 19.763828 33.048069 -96.930259 22.290922
14704 13680 -0.488442 -1.395891 5.648210 0.058371 0.056018 -0.236535 19.763828 29.475303 -99.003639 22.287925
14672 13680 -0.337600 0.246615 8.806324 0.029608 0.085846 -0.272754 18.161354 27.153007 -99.521980 22.284931
14704 13680 -1.216316 0.512385 7.187760 -0.464682 0.079454 0.072396 19.229669 25.723901 -100.213104 22.266960
14592 13680 -1.364764 -0.301685 4.479780 0.319364 0.085846 0.087310 20.119932 28.760751 -99.349197 22.260969
14720 13680 -1.405468 -0.179574 6.835794 1.022450 0.131653 -0.213099 23.324876 13.755143 -103.150382 22.284931
14576 13680 -1.731096 -0.023943 7.685779 -0.114205 -0.003638 -0.277016 26.173717 3.036849 -104.878196 22.269954
14896 13680 -0.469287 -1.613774 19.628665 0.958533 -0.105905 -0.360107 27.063980 0.714553 -102.632041 22.263965
14768 13680 -1.654478 -0.114928 6.581996 -0.687326 -0.217759 -0.353716 30.268924 -13.219227 -94.684104 22.260969
14992 13680 -2.107005 -1.786165 6.917201 -1.372301 -0.048380 -0.261036 28.666452 11.968760 -105.223762 22.260969
15152 13680 -2.205172 -2.140525 7.230857 -0.985604 -0.363703 0.432461 28.666452 38.764492 -95.893577 22.263965
15440 13680 -2.564321 -1.817292 13.879895 -0.451899 -0.489406 0.130987 25.817611 48.768230 -82.071075 22.248989
15312 13680 -1.800531 -4.625833 22.521009 -0.022591 -0.592738 0.081984 25.639560 52.876907 -72.222549 22.240003
15520 13680 -2.339254 -2.820513 19.149801 0.042392 -0.495798 0.295040 25.817611 53.055545 -71.013076 22.240003
15408 13680 -2.150103 -4.060773 15.780988 -0.021525 -0.283807 0.192773 30.625030 55.020568 -66.347984 22.240003
15360 13680 -2.281790 -2.796570 11.303603 -0.099291 -0.232673 0.355761 35.966606 55.020568 -65.656860 22.245994
15312 13680 -1.913065 -2.650516 14.040314 0.073285 -0.294460 0.206622 42.020389 54.306015 -65.311302 22.240003
15504 13680 -2.241087 -2.372775 10.218974 0.123353 -0.264632 0.299301 47.183914 54.841930 -66.866333 22.237009
15184 13680 -2.195595 -1.616168 12.400203 -0.148294 -0.328549 0.077723 50.744960 53.055545 -65.484077 22.228023
15264 13680 -2.020809 -0.308868 12.723437 -0.085442 -0.304047 0.280126 53.059646 50.375972 -67.730232 22.228023
15344 13680 -1.561099 -4.149363 7.046494 -0.524338 -0.376486 0.484660 58.045116 51.447803 -69.458045 22.234012
15072 13680 -1.206739 1.027165 12.414568 -0.220733 -0.428685 0.410090 67.481895 43.409084 -66.175201 22.242998
15136 13680 -1.807714 -1.321667 12.979629 -0.177056 -0.229477 0.173598 69.618530 25.187986 -87.945640 22.237009
14992 13680 -1.003222 -0.852379 13.628491 -0.081181 -0.234804 0.012741 65.701370 27.688920 -92.783508 22.231018
15056 13680 -1.728702 -0.328022 7.144662 -0.675608 0.033647 0.208752 62.674480 30.011219 -93.992980 22.237009
14992 13680 -1.448566 -1.946585 5.382440 -0.313412 -0.001507 0.423939 64.989166 36.978107 -87.600074 22.219038
14752 13680 -1.314484 -1.649689 11.028255 -0.144033 -0.144255 0.492117 68.906318 26.617092 -88.291198 22.222032
14768 13680 -0.761395 -0.579426 9.275610 0.926574 -0.020682 -0.076743 69.796577 21.079307 -89.155105 22.222032
14624 13680 0.732663 -1.280963 15.230294 1.193960 -0.036662 0.292910 68.194107 2.679573 -90.019012 22.216041
15024 13680 0.074224 -0.861956 16.477735 -0.129119 -0.092056 -0.207772 67.303848 1.071829 -90.537353 22.219038
14912 13680 -0.225066 0.409429 21.110752 -1.376562 -0.132537 0.005284 67.303848 7.860081 -96.411918 22.210052
14704 13680 0.011972 -4.125420 11.210224 -0.376264 -0.057967 0.010610 60.359798 26.259815 -98.312507 22.198070
14896 13680 -0.368726 -0.086196 5.212443 -0.140837 -0.052641 0.752046 60.893955 12.504674 -98.485290 22.204061
15104 13680 -1.338427 -1.644900 9.206175 0.551596 -0.088860 0.313150 58.401218 12.504674 -98.139732 22.198070
15104 13680 0.249010 0.567455 7.872536 1.160936 0.014472 -0.045850 56.086536 -6.966890 -95.202445 22.210052
15104 13680 -0.110139 -1.632929 7.836621 -0.121662 -0.155973 -0.147051 58.223167 -9.110548 -91.746826 22.195075
15232 13680 -0.203518 0.031126 8.439991 0.129745 0.050691 0.006349 56.976799 -5.359146 -95.029670 22.186090
15088 13680 0.292108 -1.623351 16.592662 -0.214341 0.215810 -0.176879 58.223167 -7.681443 -92.092384 22.189085
15040 13680 -0.143659 2.435027 7.860565 -0.305955 0.193439 -0.180075 58.223167 -6.252337 -93.820198 22.168119
15632 13680 0.284925 -3.435854 22.760440 1.164132 -0.180475 -0.148117 62.318374 -11.790122 -89.155105 22.195075
14896 13680 -0.306473 -1.015193 9.084065 -0.075855 -0.290198 -0.232274 57.332904 -13.219227 -86.736167 22.192081
15040 13680 0.105350 -1.324061 20.981458 0.493005 -0.373290 -0.282342 57.689010 -9.289187 -92.610733 22.186090
15168 13680 -0.081407 -0.404641 10.223763 -0.707566 -0.014291 0.069201 56.620693 -10.003740 -91.919609 22.186090
14992 13680 -0.172391 0.186757 0.359149 -0.161077 0.125261 -0.254645 60.715904 -4.108679 -93.474639 22.180099
14896 13680 0.205912 -0.246615 10.238128 -0.481727 -0.115492 -0.312170 62.318374 7.860081 -95.720794 22.171113
14896 13680 0.426190 -2.528406 13.532718 0.398195 0.101825 0.239646 61.784217 15.184247 -98.312507 22.165124
14880 13680 0.222672 -0.414218 11.887818 -0.170665 0.064540 -0.434677 61.072006 12.326037 -98.312507 22.168119
14976 13680 0.076618 -0.110139 9.790390 -0.126988 -0.046249 -0.053307 60.893955 20.722032 -98.139732 22.180099
15056 13680 0.526751 0.766184 15.989295 -0.468943 -0.137863 0.132052 59.647586 22.687051 -99.003639 22.159133
15024 13680 0.380697 -1.783771 11.935704 0.632557 -0.094187 0.138444 56.442642 20.900669 -99.694763 22.165124
14768 13680 1.048714 -0.852379 12.409780 0.759325 0.009145 0.021263 57.154853 8.395997 -101.077011 22.171113
14368 13680 1.137304 -0.186757 8.684212 -0.318739 0.155089 -0.397392 57.154853 1.607744 -98.658073 22.159133
14512 13680 0.876322 0.201123 7.151845 0.528159 -0.013225 -0.356912 61.962268 3.215488 -95.720794 22.165124
14512 13680 0.854774 1.479692 2.813330 0.157442 -0.131472 -0.687149 62.318374 3.215488 -95.720794 22.153142
14640 13680 0.859562 -3.014454 11.725004 -0.440181 -0.044119 -0.415502 59.647586 21.257946 -98.658073 22.156139
14688 13680 1.261809 -3.713596 14.622136 -0.297433 -0.175148 -0.052241 55.196273 29.653942 -98.830856 22.153142
14496 13680 1.115755 -1.678421 14.686782 -0.293172 -0.386074 -0.078873 51.991329 38.943130 -94.338539 22.159133
14992 13680 0.323234 1.699970 14.698754 0.578228 -0.316830 0.043634 45.403388 32.690792 -100.040321 22.159133
14960 13680 1.544339 -0.778155 20.023729 0.718845 -0.235869 -0.242927 37.925182 19.828840 -104.532630 22.144157
14304 13680 1.429411 -0.486048 8.873364 -0.512620 -0.204976 -0.392066 30.268924 15.362886 -105.742103 22.141162
14256 13680 1.843629 0.368726 7.317053 0.103113 -0.048380 -0.030936 26.351770 7.860081 -104.014289 22.138168
14016 13680 1.826869 1.563493 7.752820 -0.405026 0.085846 -0.861855 27.954242 0.535915 -103.150382 22.132177
14352 13680 1.328850 -2.209961 10.429675 -1.296666 -0.066489 -0.656255 31.337240 3.930041 -104.705413 22.144157
14512 13680 0.914632 -2.097428 4.003309 -0.558427 -0.033466 0.002088 32.761661 21.079307 -104.359855 22.141162
14640 13680 0.498019 -1.388708 11.248533 -1.417043 -0.227347 -0.066090 27.598136 44.480911 -91.401260 22.138168
15088 13680 0.071830 -0.909843 16.520833 0.710322 -0.374356 0.442049 25.105401 45.910018 -88.982322 22.132177
15232 13680 0.708720 0.351966 20.167388 0.984100 -0.357311 -0.022414 24.571245 37.156745 -94.684104 22.132177
15360 13680 1.309695 -1.664055 26.804454 0.270362 -0.440403 -0.469831 11.395360 24.652072 -96.411918 22.120197
14912 13680 1.091812 0.509991 18.072355 -0.162142 -0.243326 0.230058 4.985470 24.652072 -89.155105 22.132177
14112 13680 1.541944 0.713508 1.963345 -0.537121 0.168938 -0.413371 4.095208 32.333515 -85.526702 22.120197
14256 13680 1.733490 -0.861956 3.883593 1.012862 0.106086 -0.169422 3.561050 29.296665 -83.971672 22.114206
14144 13680 1.771800 0.921815 6.720867 0.268231 0.221136 0.267343 10.148993 28.403474 -92.092384 22.105220
14016 13680 1.951374 0.842802 2.918681 0.323626 0.458694 -0.261036 13.888095 31.797599 -93.992980 22.108215
14112 13680 2.262636 -1.508424 8.954771 0.653863 0.129522 -0.285538 18.339406 25.902540 -97.966949 22.117200
14288 13680 1.889121 0.090984 10.487138 0.160638 0.034712 0.102224 20.119932 18.399734 -102.113700 22.105220
14384 13680 1.410257 -0.955335 10.511081 0.043457 -0.054771 -0.412306 21.010194 20.364755 -101.249794 22.105220
14624 13680 1.510818 -0.957729 13.662012 -0.104617 -0.213498 -0.001108 15.312516 17.506544 -100.558670 22.105220
14736 13680 1.266597 -1.194767 13.480043 -0.105682 -0.190062 -0.222686 12.641728 20.186117 -98.658073 22.105220
14752 13680 0.787732 -0.380697 12.254149 0.629361 -0.158104 0.029785 6.944047 17.685182 -93.820198 22.108215
14512 13680 0.847591 0.045492 11.167126 0.099917 -0.138929 -0.208838 5.341575 5.359146 -93.647415 22.105220
14480 13680 1.070263 0.138871 10.496716 -0.197297 -0.043053 -0.350520 4.985470 2.143658 -89.500671 22.093240
14448 13680 1.115755 -0.598581 8.542947 -0.815159 0.036843 -0.287668 8.012363 5.895061 -94.165763 22.105220
14560 13680 1.362370 -0.859562 9.388144 -0.612756 0.008080 0.054287 8.546521 15.362886 -95.029670 22.087249
14736 13680 1.012799 -0.794915 9.601239 -0.544578 -0.272089 0.103290 8.190416 27.867559 -90.191795 22.084255
14720 13680 0.950547 -1.352793 10.906145 -0.193036 -0.284872 0.403699 6.587943 36.978107 -83.798889 22.090244
14640 13680 1.170824 -2.913892 16.441820 -0.586124 -0.541605 0.339782 8.724573 42.694530 -76.542076 22.081258
14640 13680 2.054330 -3.330504 22.228900 -0.058810 -0.403118 0.312085 11.929518 45.552742 -64.792953 22.096235
14592 13680 1.012799 -1.477298 9.938838 -0.379460 -0.565041 0.450571 23.502929 51.090526 -51.143238 22.081258
14784 13680 0.126899 -1.491664 4.846111 0.212836 -0.535213 0.286518 33.473869 51.805080 -45.268676 22.093240
14976 13680 0.294502 -1.999260 14.667628 -0.004481 -0.607652 0.360022 45.403388 51.626441 -46.823707 22.078264
15216 13680 -0.181969 -1.108572 18.613471 -0.003416 -0.724833 0.367479 59.113430 48.946868 -52.525489 22.069278
15280 13680 -1.182796 -1.118149 15.759439 -0.027917 -0.520299 0.190643 65.879425 45.374103 -61.164550 22.066284
15136 13680 -1.328850 -0.351966 11.059382 -0.508359 -0.399922 0.480399 71.221000 38.228576 -66.347984 22.072273
15312 13680 -2.068696 -3.756694 12.507947 1.710621 -0.274219 0.285453 71.755157 35.906280 -68.939704 22.078264
15296 13680 -2.684037 -0.419007 15.565499 0.310842 -0.284872 0.135248 75.850364 17.149267 -82.589424 22.066284
15552 13680 -1.594620 0.433373 13.209485 0.018955 -0.075012 -0.030936 71.933212 16.791992 -88.809547 22.072273
15792 13680 -1.723913 -5.164556 14.667628 0.147854 -0.092056 0.442049 69.618530 14.112419 -90.019012 22.057296
15456 13680 -1.687998 0.179574 17.126598 -0.195166 -0.063294 -0.175814 66.413581 6.609613 -93.129074 22.063287
15552 13680 -1.884333 -2.913892 9.203781 0.271427 -0.002573 -0.072482 65.701370 13.755143 -96.584701 22.045316
15424 13680 -1.656872 0.857168 4.520483 0.906334 0.131653 -0.009630 66.057479 6.966890 -97.621383 22.060293
15392 13680 -2.150103 -0.943364 9.515043 1.009666 0.155089 -0.029870 66.235527 -7.860081 -83.280548 22.078264
15088 13680 -1.956162 0.064647 11.495148 -0.668151 0.174264 -0.380348 69.440475 -9.289187 -78.788230 22.069278
15392 13680 -1.678421 0.368726 2.332071 -0.008742 0.008080 0.032981 72.289314 2.500935 -85.353919 22.063287
15488 13680 0.763789 -3.428672 32.716037 0.457851 -0.318961 -0.317496 71.042945 12.683313 -88.636764 22.054302
15440 13680 -0.560272 0.009577 4.889209 -0.786397 -0.567171 0.890532 69.618530 5.537785 -87.945640 22.054302
15264 13680 -1.036742 -3.481347 25.205045 -0.101421 -0.657720 -0.964122 68.906318 -4.108679 -86.563385 22.045316
15584 13680 -1.941797 -5.983415 20.184148 -0.204754 -0.147451 -0.014957 64.098899 2.143658 -93.647415 22.045316
15424 13680 -1.098995 -3.768666 -0.648862 -0.609560 0.368145 -0.107636 67.659950 3.930041 -91.919609 22.054302
15024 13680 1.862784 -5.289061 32.699279 -0.311282 -1.289432 -0.646668 64.989166 12.683313 -96.239135 22.045316
14992 13680 0.785338 -4.807802 16.614212 -0.312347 -0.142124 0.347239 47.718070 17.506544 -104.014289 22.030342
14768 13680 0.658439 -0.507597 14.456927 1.075714 -0.411640 -0.139594 38.281288 23.044328 -104.532630 22.054302
14320 13680 1.280963 1.276175 7.398460 -0.324065 -0.191127 -0.647733 35.432449 -6.609613 -100.731445 22.045316
14256 13680 1.527578 -1.254626 10.642769 -0.657498 -0.144255 -0.562511 38.993495 -2.679573 -101.768135 22.030342
14192 13680 1.671238 -1.343216 8.305910 -0.422071 -0.101644 -0.433612 38.815444 17.506544 -105.050979 22.024351
14256 13680 1.989683 0.210700 9.799967 -0.341110 -0.138929 -0.148117 34.186080 21.793861 -104.014289 22.030342
14096 13680 1.958557 0.076618 8.523793 -0.120596 -0.087795 -0.351585 30.446977 25.187986 -103.841506 22.033336
14064 13680 3.256280 -1.637717 12.376259 0.149985 -0.049445 -0.272754 23.680982 22.687051 -102.113700 22.021354
14032 13680 1.910670 -0.035915 9.898135 -0.215406 -0.046249 -0.356912 22.434614 26.081178 -101.595352 22.024351
14224 13680 2.257847 -0.409429 9.807150 0.349192 -0.067555 -0.099114 18.161354 20.722032 -100.904228 22.012371
14032 13680 2.090245 0.217883 7.807889 -0.215406 -0.024944 -0.673300 17.449144 20.364755 -101.249794 22.018360
14224 13680 1.805320 -0.435767 4.908364 -0.056680 -0.038792 -0.230143 13.531991 15.720163 -98.830856 22.003383
14144 13680 2.633756 -1.450960 16.214359 -0.150424 -0.168756 -0.063959 11.395360 18.221096 -97.448608 22.012371
14144 13680 2.018415 -0.500414 8.554919 0.335344 -0.090991 -0.086330 7.834310 12.504674 -95.720794 22.006380
14192 13680 1.144487 1.944191 5.016108 0.247991 -0.030270 -0.368630 8.190416 8.574634 -95.720794 22.000389
13952 13680 2.229115 -2.336860 12.661184 0.576097 -0.048380 -0.552923 9.792888 -3.036849 -91.746826 22.006380
14224 13680 0.952941 -1.288146 5.238780 -0.860966 0.155089 0.210883 14.422253 -0.893191 -95.893577 21.994398
14304 13680 1.656872 -0.754212 8.401682 -0.463617 -0.071816 -0.228013 13.710043 21.615222 -98.312507 22.021354
14320 13680 2.348832 -1.759828 12.215840 -0.300629 -0.381813 -0.022414 6.765995 23.580242 -93.992980 22.009374
14288 13680 2.669671 -1.620957 15.369164 -0.314478 -0.294460 0.394111 4.807417 28.760751 -87.254516 22.015365
14352 13680 2.169257 -0.533934 16.171262 -0.275062 -0.229477 0.425004 6.231837 38.049938 -78.269889 21.997394
14400 13680 2.147708 -2.365592 12.610903 0.102047 -0.394596 0.181055 7.122100 42.515892 -67.039108 21.991403
14480 13680 1.575465 -1.886727 13.465677 0.196857 -0.476623 0.381328 12.285623 46.981849 -60.646205 21.994398
14416 13680 1.846024 -2.118977 9.112796 -0.385851 -0.538409 0.374936 23.324876 49.840057 -47.860397 21.991403
14640 13680 1.680815 -2.734318 12.227811 0.959598 -0.316830 0.798918 37.391025 52.876907 -50.797676 21.991403
14944 13680 0.541117 2.087850 11.669934 0.710322 -0.360507 0.099028 54.840171 50.733249 -68.766921 21.982418
14928 13680 0.256193 -0.986461 13.022727 0.165964 -0.201780 0.155488 50.210803 47.517761 -85.699485 21.979423
14624 13680 0.457316 -2.511646 15.426628 -1.003714 -0.424424 0.160815 50.566909 52.876907 -69.458045 22.003383
14752 13680 0.581821 -2.379958 9.014629 -0.276127 -0.435077 0.367479 55.018222 50.911888 -61.337329 21.985412
15024 13680 0.459710 -3.191633 13.367509 0.739085 -0.641741 0.358957 62.496425 47.696399 -67.903015 21.985412
15264 13680 -0.342388 -0.873928 17.576730 0.288471 -0.606587 0.455897 67.125793 32.690792 -84.835578 21.982418
15040 13680 -0.227461 -3.012059 10.063343 -0.503032 -0.346658 -0.101244 60.537849 35.727642 -93.647415 21.979423
14992 13680 0.117322 1.707153 8.545342 2.295460 -0.023878 0.580535 54.840171 4.644593 -101.940917 21.970438
14400 13680 0.866745 0.083801 8.923645 -0.242038 0.149762 -0.624297 53.949909 -6.609613 -95.893577 21.967441
14480 13680 0.936181 -1.489269 9.531804 0.222424 0.046430 0.118204 58.045116 0.357276 -95.720794 21.970438
14496 13680 0.495625 0.383092 8.384922 -0.447638 0.007015 -0.405915 58.045116 -2.858211 -96.757476 21.967441
14480 13680 1.063080 -3.811763 5.241175 0.071154 -0.209237 -0.217360 60.537849 6.430975 -97.794166 21.967441
14544 13680 1.118149 -0.859562 10.949243 -0.008742 -0.089926 0.334456 58.045116 6.073699 -98.485290 21.970438
14816 13680 1.161247 0.311262 10.214185 0.252252 0.132718 -0.379282 57.689010 8.574634 -99.867538 21.961452
14528 13680 1.065474 -0.105350 8.116758 -0.182383 0.093303 0.089441 63.030586 11.790122 -97.103042 21.955461
14608 13680 0.976884 -2.559532 0.950547 -0.001285 0.118869 0.052156 63.030586 14.291057 -96.066352 21.958456
14784 13680 0.873928 0.538723 10.973186 -0.637258 0.148697 -0.105505 66.057479 13.397866 -93.474639 21.967441
14816 13680 0.672805 -1.829263 3.715990 0.566510 0.211549 0.377067 67.838005 18.042459 -90.364578 21.958456
15008 13680 0.160420 -2.277002 10.539813 -0.149359 -0.061163 -0.187532 69.796577 18.221096 -88.809547 21.949470
15328 13680 0.134082 -3.256280 17.392368 -0.515815 -0.383943 0.160815 66.235527 22.865690 -92.956291 21.952466
15056 13680 -0.711114 -0.249010 8.085632 0.267166 -0.062228 0.100094 61.250061 29.296665 -94.684104 21.946475
14736 13680 -0.256193 0.612947 4.594707 0.992622 0.117804 0.411156 61.962268 13.933780 -97.448608 21.934495
14944 13680 -0.100562 -0.229855 9.258851 0.178747 0.134849 -0.307909 64.633056 0.893191 -90.710136 21.940485
14944 13680 0.543511 -1.400679 17.428281 0.729498 -0.239065 0.007414 65.167213 0.000000 -91.574043 21.928504
14672 13680 0.088590 0.275347 10.120807 0.156377 -0.260371 -0.420828 64.276954 0.535915 -94.856887 21.937490
14880 13680 -0.330417 -2.830090 19.324586 0.245860 -0.233739 -0.175814 58.401218 8.931911 -99.521980 21.937490
14704 13680 0.086196 1.103783 12.649212 0.036000 -0.141059 0.077723 53.415748 3.930041 -99.867538 21.931499
14704 13680 -0.205912 -0.397458 6.012147 0.477026 -0.051576 -0.739347 54.840171 5.359146 -100.904228 21.946475
14528 13680 0.361543 -1.539550 6.280311 0.317234 -0.049445 -0.068221 57.689010 -0.357276 -98.830856 21.916524
14544 13680 -0.124505 1.640112 6.167778 -0.417810 -0.158104 -0.840549 53.771854 1.429106 -99.521980 21.922513
14320 13680 0.679988 -2.485308 11.885423 0.570771 -0.211368 -0.399523 48.252227 8.038720 -102.804824 21.928504
14480 13680 0.258587 0.198729 8.904490 -0.545643 -0.361572 -0.385674 48.608333 0.535915 -101.768135 21.934495
14528 13680 -0.184363 -2.837274 4.563581 0.092460 -0.390335 -0.731890 43.978965 5.895061 -104.187072 21.919519
14832 13680 -0.531540 -1.518001 8.815900 -1.176290 -0.217759 0.006349 38.459339 15.720163 -105.742103 21.922513
14960 13680 0.074224 -2.985722 11.442474 0.535616 -0.444664 -0.421894 30.981134 35.013088 -98.830856 21.919519
15056 13680 0.114928 -3.095860 15.472120 0.218163 -0.381813 0.122465 22.078510 28.939388 -99.521980 21.928504
14768 13680 -0.936181 1.937008 6.675374 -0.282519 -0.072881 -0.273820 17.983303 28.760751 -97.966949 21.895557
14784 13680 -0.272953 -0.225066 16.104221 0.457851 0.053887 -0.101244 16.380830 20.722032 -100.213104 21.916524
14800 13680 -1.029559 0.859562 8.387316 0.128679 -0.057967 -0.301517 14.778358 13.040590 -99.349197 21.904542
14720 13680 -0.459710 -2.042358 10.041794 0.287406 -0.047314 -0.191793 13.888095 8.931911 -98.830856 21.916524
14656 13680 -0.806887 -1.470115 9.914895 -0.041766 -0.154908 -0.056502 14.066148 -0.535915 -95.893577 21.910533
14608 13680 -1.137304 -1.790954 12.759351 -1.387215 -0.101644 -0.581686 14.778358 2.679573 -97.275825 21.901548
14480 13680 -0.672805 -3.330504 13.942148 0.593142 0.022994 -0.074612 15.312516 7.860081 -98.485290 21.901548
14656 13680 0.581821 1.898699 19.465850 -0.968560 -0.065424 -0.286603 14.244200 4.287317 -98.139732 21.907539
14944 13680 0.035915 -3.021636 10.391366 0.240534 -0.065424 -0.196054 13.175886 -2.858211 -94.684104 21.889568
14928 13680 -0.361543 -0.064647 14.981284 -0.014068 -0.307243 -0.108701 11.395360 -1.786382 -93.301856 21.895557
14640 13680 0.799704 -2.597841 14.069046 0.124418 0.001688 0.096898 7.656258 1.965020 -90.364578 21.910533
14256 13680 -0.325628 0.615341 6.737627 0.124418 0.128457 0.259886 7.656258 10.896931 -93.129074 21.889568
14288 13680 1.783771 2.083062 10.819950 0.201118 0.277596 -0.225882 9.614835 8.217358 -95.375228 21.877586
14144 13680 1.206739 -1.738279 8.322669 -0.093964 -0.098448 -0.340932 14.422253 1.607744 -97.275825 21.895557
14336 13680 2.018415 1.036742 14.389886 0.369433 -0.200715 0.053221 12.997833 -10.539654 -88.291198 21.889568
14192 13680 1.831658 -1.699970 15.548739 -0.622344 -0.121884 -0.778763 17.093040 -10.718293 -91.919609 21.880582
14320 13680 2.236298 -3.668104 12.500764 -0.270801 -0.160234 0.062809 19.051616 -11.968760 -91.746826 21.874591
14240 13680 1.939402 -1.173219 16.839279 -0.658563 -0.295525 0.338717 15.134463 -5.537785 -94.165763 21.880582
14272 13680 2.470942 -1.491664 9.347440 -0.406092 -0.178344 -0.138529 7.656258 9.110548 -95.202445 21.871597
14240 13680 2.808542 -2.020809 9.357017 0.058371 -0.134667 0.453767 5.519628 14.469695 -92.092384 21.865606
14176 13680 2.911498 -1.314484 10.441646 0.010433 -0.332810 0.576274 3.917155 21.079307 -88.118415 21.877586
14128 13680 2.547560 -0.756606 10.197425 0.063697 -0.390335 0.367479 3.561050 33.583984 -80.170486 21.874591
14176 13680 2.633756 0.148448 12.943715 0.054110 -0.413771 0.515553 4.273260 36.799468 -76.369293 21.862611
14144 13680 2.372775 -2.365592 11.507121 0.082872 -0.440403 0.332325 8.902626 43.944999 -66.693550 21.874591
14192 13680 2.389535 -2.636150 14.521574 0.307646 -0.233739 0.609298 16.558881 48.410953 -72.049766 21.859615
14432 13680 2.394324 -1.245048 17.861654 -0.141902 -0.465970 0.494248 29.556715 54.663291 -68.075798 21.865606
14256 13680 2.090245 -1.448566 11.107268 -0.146163 -0.467035 0.205557 38.637393 55.913757 -63.756267 21.859615
14640 13680 -0.438161 0.543511 8.875759 0.177682 -0.113362 0.161880 45.403388 53.412822 -65.829643 21.853626
14592 13680 -1.130121 0.440556 3.079100 -0.564818 -0.008964 0.475073 50.210803 53.948738 -72.222549 21.865606
14640 13680 -1.278569 0.373515 12.416963 -0.402896 -0.017487 0.242841 58.579273 49.840057 -71.358642 21.883577
14720 13680 -1.376736 -2.205172 9.105613 1.385710 -0.119754 0.206622 61.428112 46.267295 -75.850952 21.850629
14624 13680 -1.886727 1.889121 10.609249 -0.504097 -0.131472 0.159749 66.057479 32.333515 -87.254516 21.862611
14704 13680 -0.600975 -3.265857 13.920598 -0.288911 -0.098448 -0.271689 62.852531 40.193595 -85.526702 21.865606
14592 13680 -1.046319 -0.940969 7.142268 -0.144033 -0.047314 0.829811 65.345268 36.263557 -84.490013 21.847635
14448 13680 -1.613774 -0.569849 10.884596 0.684756 -0.083534 0.100094 72.823471 26.617092 -81.379951 21.856620
14640 13680 -1.573071 -0.677594 8.691395 0.098851 -0.153842 -0.222686 70.864898 13.576504 -88.463981 21.868600
14752 13680 -0.237038 -2.054330 20.514566 1.070387 -0.169822 -0.485811 65.879425 17.149267 -93.301856 21.853626
14608 13680 -1.199556 -0.931392 10.628403 -0.830073 0.237116 0.011675 68.728263 24.652072 -90.537353 21.862611
14624 13680 -1.331244 1.506030 8.214925 -0.597842 0.064540 0.172533 71.933212 30.011219 -81.207168 21.850629
14832 13680 -1.467720 1.268992 9.218147 -0.635127 -0.032401 -0.046915 73.001525 33.226707 -79.479354 21.841644
14784 13680 -1.891516 -2.846851 11.334729 -0.079050 0.195570 0.061744 71.933212 33.226707 -81.552734 21.838649
14896 13680 -1.810109 -0.763789 1.338427 -1.143266 -0.248652 0.464420 73.357627 36.084918 -72.568107 21.826669
15104 13680 -2.370380 -1.383919 12.823998 -0.162142 -0.551192 -0.140660 74.603996 28.760751 -81.379951 21.826669
15280 13680 -2.068696 1.474903 8.957165 1.551894 0.293575 0.719022 66.769683 6.252337 -92.437950 21.835655
14688 13680 -2.162074 0.138871 11.578949 -0.375199 -0.006834 -0.825635 65.523323 3.930041 -93.992980 21.811693
14912 13680 -1.764617 0.155631 4.041618 -0.310216 0.146567 0.177859 69.262420 14.112419 -93.820198 21.832658
14656 13680 -1.659266 -1.939402 13.554267 -0.461486 -0.100578 -0.257841 69.974632 20.900669 -91.401260 21.832658
14784 13680 -1.980106 -1.348004 11.825565 -0.161077 0.090107 -0.138529 67.838005 26.259815 -89.673446 21.817684
14736 13680 -1.848418 0.701537 7.738454 -0.696913 -0.167691 0.367479 70.152687 27.153007 -87.427291 21.832658
14576 13680 -1.434200 -3.239520 11.085720 0.033869 0.065605 -0.059698 68.016052 31.083047 -87.772857 21.820678
14640 13680 -0.991250 -2.746289 15.711552 -0.098226 -0.200715 -0.114028 68.906318 27.688920 -89.327888 21.823673
14672 13680 -1.901093 -1.008010 5.530888 -0.619148 -0.266762 0.410090 68.194107 28.403474 -90.364578 21.823673
14528 13680 -1.534762 0.277742 13.968485 -0.296368 -0.382878 -0.104440 61.784217 33.762619 -90.019012 21.802707
14448 13680 -1.319272 -2.401507 11.236561 2.267763 0.385190 0.703043 60.003692 34.119895 -94.511322 21.811693
14336 13680 -1.455749 3.433460 3.115015 0.249056 -0.017487 0.380263 63.030586 -8.217358 -90.537353 21.811693
14368 13680 -1.041531 -0.459710 13.305257 -0.320869 -0.231608 -1.066388 62.496425 1.965020 -95.893577 21.793722
14352 13680 -0.902660 -2.688826 8.715339 0.514311 0.354296 0.048960 63.742794 8.217358 -95.029670 21.817684
14272 13680 0.225066 -0.696748 11.713032 0.004041 -0.078208 -0.226947 65.523323 7.145528 -93.992980 21.820678
14192 13680 1.156458 0.232249 8.935617 -0.135510 -0.160234 -0.354781 66.769683 5.537785 -96.930259 21.805702
14288 13680 2.274607 -1.209133 15.354799 -0.058810 -0.444664 -0.377152 55.730430 13.397866 -99.694763 21.802707
14288 13680 1.216316 -0.433373 6.716078 0.171290 -0.012160 -0.140660 52.347434 15.005610 -103.323165 21.805702
14400 13680 1.987289 -2.940229 12.677945 0.419501 -0.094187 -0.680757 48.608333 19.114288 -103.495948 21.805702
14352 13680 1.415045 -2.935441 10.178271 -0.016199 -0.159169 -0.246122 46.827808 19.828840 -103.841506 21.820678
14592 13680 1.321667 0.143659 9.874192 -0.407157 -0.272089 -0.396327 40.239864 15.362886 -105.396537 21.802707
14368 13680 1.814897 -1.927431 14.073835 -0.334718 -0.128276 -0.549727 31.871397 25.545263 -103.841506 21.790727
14256 13680 1.910670 -2.150103 12.783295 0.388608 -0.129341 -0.199250 22.968772 28.403474 -100.040321 21.802707
14304 13680 2.676854 -0.284925 14.806498 0.301255 -0.183670 -0.199250 21.900457 26.617092 -100.040321 21.799713
14496 13680 1.697575 -1.601803 11.674723 0.317234 -0.196454 -0.563576 14.956411 16.077438 -99.867538 21.802707
14320 13680 1.544339 -0.320839 13.252582 -0.768287 -0.262501 -0.353716 11.039256 5.716423 -95.720794 21.802707
14272 13680 1.494058 -1.110966 8.404077 -1.492678 -0.139994 -0.551858 7.656258 20.186117 -92.783508 21.799713
14400 13680 2.099822 -3.986549 7.884508 -0.489184 0.062409 0.480399 6.231837 20.543394 -91.055702 21.802707
14160 13680 1.927431 -1.252231 6.091159 -0.599973 -0.293394 0.307824 8.012363 37.335384 -80.688827 21.793722
14320 13680 1.855601 -0.938575 9.869402 -1.207183 -0.274219 0.397307 10.505098 43.051807 -75.159828 21.787731
14480 13680 3.428672 -1.065474 19.377262 2.611848 -0.088860 1.024757 22.968772 51.983718 -75.159828 21.790727
14192 13680 1.494058 1.898699 6.174961 1.108737 -0.195388 -0.476223 33.295818 34.119895 -97.966949 21.775751
14304 13680 2.820513 -1.781377 19.710073 0.422697 -0.724833 -0.483680 15.312516 17.506544 -98.139732 21.790727
14304 13680 1.937008 0.905054 12.867096 -0.331522 -0.316830 -0.278081 4.985470 8.217358 -90.191795 21.778745
14048 13680 2.425450 -0.761395 10.494321 -0.103552 -0.273154 -0.316431 1.958578 5.895061 -87.945640 21.796716
14192 13680 1.896304 -0.167603 9.550958 0.444002 -0.093122 -0.793677 1.958578 -0.893191 -84.144454 21.775751
14144 13680 3.093466 -1.597014 11.545430 -0.216472 -0.201780 -0.242927 6.231837 -6.609613 -84.490013 21.772756
13984 13680 2.468548 -0.936181 8.052111 -0.604234 -0.063294 -0.203511 6.053785 -0.714553 -89.155105 21.781742
14048 13680 3.756694 -0.847591 14.758612 -0.582928 -0.149581 0.161880 4.807417 1.965020 -91.055702 21.793722
13984 13680 2.528406 -0.220278 9.491100 0.655993 0.016602 0.390915 3.739103 5.180508 -88.982322 21.772756
14032 13680 2.248270 1.956162 7.266772 -0.369872 0.263748 0.027655 4.095208 5.537785 -89.673446 21.781742
14160 13680 2.454182 0.344783 7.374517 -0.144033 0.170003 -0.483680 11.217308 8.038720 -97.966949 21.772756
14112 13680 2.693614 -3.871621 10.985157 0.533486 0.005950 0.056417 9.614835 2.143658 -94.684104 21.784736
14192 13680 2.458971 0.081407 13.489621 0.063697 -0.184736 0.175729 8.190416 -7.502805 -88.118415 21.784736
14032 13680 2.255453 0.641679 9.424058 -0.728872 -0.098448 -0.295125 6.765995 -6.073699 -86.390609 21.763771
14096 13680 2.346437 -0.663228 12.709071 0.290602 -0.145320 -0.569968 14.066148 -12.683313 -85.181137 21.757780
14096 13680 3.268252 -0.624918 10.872625 0.556922 -0.120819 -0.036262 15.668621 -18.935649 -81.552734 21.766765
14176 13680 3.347265 1.034348 13.250187 -1.051652 -0.117623 -0.229078 16.024724 -18.935649 -79.824920 21.769760
14032 13680 2.059118 -1.237865 3.414306 -1.051652 0.105021 -0.385674 24.037088 -8.038720 -97.275825 21.763771
14112 13680 2.267425 -1.422228 6.658614 0.206445 -0.073946 0.124595 27.776189 0.000000 -101.249794 21.757780
13968 13680 2.954596 -3.323321 12.958081 -0.213276 -0.164495 0.489986 21.010194 4.644593 -101.249794 21.769760
14016 13680 2.291368 -0.536328 6.316226 -0.077985 -0.118688 0.754176 17.627197 13.397866 -100.385887 21.769760
14112 13680 2.073484 -0.560272 8.071266 -0.117401 -0.135733 0.239646 15.846673 19.828840 -99.003639 21.763771
14160 13680 1.855601 -0.435767 11.303603 -0.346436 -0.351985 0.178925 12.641728 27.688920 -95.548011 21.772756
14512 13680 1.994472 -2.978539 9.347440 0.308712 -0.310439 0.276930 7.478205 33.941257 -84.317230 21.757780
14416 13680 1.503635 -1.731096 9.886163 0.206445 -0.485145 0.560295 9.614835 39.657680 -82.589424 21.745800
14608 13680 1.091812 -2.032781 13.903839 -0.062006 -0.754661 0.168272 11.751465 44.659549 -76.369293 21.739809
14464 13680 1.802926 -3.112621 12.115279 -0.295302 -0.520299 0.214079 11.929518 45.195465 -61.682891 21.754785
14704 13680 2.004049 -2.861217 15.007621 0.180878 -0.507516 0.436722 19.763828 49.482784 -50.279335 21.751789
14688 13680 0.459710 -1.048714 11.195858 0.718845 -0.421228 0.656170 32.405555 54.306015 -48.724304 21.748794
14960 13680 0.660833 -0.246615 18.642204 -0.513685 -0.438272 0.201295 49.320541 53.770099 -64.792953 21.748794
15216 13680 0.098167 -2.310522 20.033306 -0.041766 -0.509646 0.258821 50.923015 52.162357 -69.112487 21.745800
14912 13680 0.117322 -1.577859 12.563017 0.768913 -0.361572 0.298236 57.154853 48.053676 -77.233200 21.748794
14992 13680 -1.268992 -0.191546 14.768189 -0.052418 -0.325353 0.126726 55.730430 43.409084 -86.217826 21.745800
14768 13680 -1.345610 0.919420 7.946760 1.221657 0.080519 0.464420 57.510955 37.692661 -92.437950 21.745800
14528 13680 -1.261809 -0.313656 5.928346 -0.258018 0.236050 0.115008 65.523323 29.653942 -91.574043 21.751789
14528 13680 -1.276175 -1.544339 1.297723 0.196857 0.375602 0.286518 70.330734 21.257946 -88.636764 21.748794
14528 13680 -1.283357 0.339994 6.364112 -0.385851 0.229659 -0.103375 74.425941 19.292926 -83.971672 21.751789
14848 13680 -1.364764 -2.739106 12.886251 0.903138 -0.066489 -0.065025 73.891784 19.828840 -82.416641 21.742803
14768 13680 -1.982500 -0.538723 11.114451 0.077546 -0.259305 -0.132137 73.179580 15.541524 -87.254516 21.745800
14752 13680 -2.087850 -0.586609 8.844633 0.468504 0.151893 0.223666 69.618530 14.469695 -92.437950 21.745800
14624 13680 -1.661661 2.516434 14.921425 -0.914230 0.065605 -0.238665 70.330734 9.110548 -91.055702 21.739809
14576 13680 -1.654478 -3.313744 5.779897 -0.052418 0.042169 -0.378217 68.372161 35.727642 -84.317230 21.745800
14976 13680 -2.205172 0.169997 12.347528 -0.582928 -0.166626 0.293975 70.152687 31.083047 -84.317230 21.754785
15264 13680 -2.320100 -0.426190 14.988467 1.335642 0.016602 0.403699 69.796577 24.294795 -89.155105 21.733818
14704 13680 -1.869967 -0.184363 6.332986 -0.050288 -0.055837 -0.248253 69.440475 14.648333 -92.610733 21.727828
14752 13680 -2.257847 -1.795743 13.326807 -0.097160 -0.065424 -0.268493 62.318374 22.151138 -96.066352 21.733818
14704 13680 -1.649689 0.153237 0.079013 -0.833269 0.109282 0.246037 65.167213 26.438453 -92.610733 21.736814
14800 13680 -1.769405 0.782944 0.677594 0.866919 0.195570 0.125661 69.440475 18.578372 -89.846229 21.727828
14688 13680 -1.520395 0.373515 7.515782 0.421631 0.247768 -0.364369 71.221000 12.861951 -91.228477 21.736814
14768 13680 -1.707153 -0.220278 1.929825 -1.017563 0.167872 -0.399523 69.796577 26.081178 -86.045043 21.724832
14608 13680 -1.802926 -2.197989 18.263900 0.278884 -0.361572 0.020198 69.618530 40.193595 -77.233200 21.724832
14768 13680 -1.513213 -1.977711 19.015718 0.210706 -0.339201 0.317411 68.016052 35.727642 -80.170486 21.733818
14576 13680 -1.771800 -0.799704 8.447175 0.004041 0.134849 0.284387 70.686843 30.189857 -84.835578 21.721837
14704 13680 -0.447739 -1.687998 18.266296 1.142826 -0.251848 -0.132137 66.591636 22.865690 -91.228477 21.715847
14448 13680 -1.486875 0.615341 10.312353 0.592076 0.069866 0.153358 65.345268 13.040590 -95.893577 21.727828
14336 13680 -1.087023 -0.335205 6.996214 0.143593 0.236050 -0.275950 68.372161 15.362886 -93.647415 21.727828
14384 13680 -1.429411 -2.056724 6.352141 -0.872685 0.087976 -0.167292 70.864898 20.722032 -87.427291 21.721837
14416 13680 -1.245048 -1.295329 8.535764 -0.380525 -0.146386 -0.137464 68.906318 28.403474 -87.600074 21.724832
14384 13680 -1.170824 -2.241087 11.329940 -0.800245 -0.344528 0.073462 66.413581 35.191726 -84.835578 21.727828
14368 13680 -0.392669 -1.479692 16.554353 0.204314 -0.309373 0.257755 64.989166 35.191726 -88.982322 21.718843
14240 13680 -1.070263 0.105350 10.307564 -0.279323 -0.044119 0.319542 64.098899 18.221096 -97.794166 21.712852
14320 13680 -0.928998 -2.169257 11.634019 0.145724 -0.223086 -0.209903 57.154853 17.327905 -99.349197 21.721837
14192 13680 -0.165208 -1.884333 12.290064 -0.213276 0.111412 -0.016022 53.415748 20.364755 -102.977600 21.715847
14256 13680 -0.986461 -1.582648 10.594882 0.569705 0.457629 0.117138 61.962268 11.790122 -98.485290 21.721837
14160 13680 -1.230682 -1.539550 7.398460 -0.631931 0.016602 -0.112962 69.974632 14.826972 -94.856887 21.715847
14272 13680 -0.543511 -0.945758 11.703454 0.200053 -0.050510 -0.222686 66.413581 18.757011 -94.511322 21.715847
14256 13680 -1.261809 -1.467720 10.561363 -0.603169 -0.161299 -0.121485 65.879425 18.578372 -95.029670 21.715847
14224 13680 -0.653650 -0.430978 12.055420 -0.216472 -0.136798 0.014871 63.030586 17.863821 -95.029670 21.718843
14320 13680 1.994472 0.191546 13.240611 0.873310 -0.132537 -0.219490 65.523323 11.075570 -95.029670 21.709857
14176 13680 1.714336 0.057464 11.717821 0.193661 -0.207107 -0.540140 64.633056 3.751402 -97.275825 21.706861
14256 13680 1.606591 -3.265857 11.068959 -0.615952 -0.229477 -0.704193 58.045116 21.793861 -99.176414 21.703866
14128 13680 2.446999 -2.298551 10.690656 -0.082246 -0.280611 0.020198 53.237697 29.118026 -99.003639 21.718843
14256 13680 1.869967 -0.514780 15.057902 -0.412483 -0.488341 -0.085265 43.800914 23.937519 -104.705413 21.706861
14160 13680 1.781377 -1.666449 8.535764 -0.139771 -0.195388 -0.221621 34.898288 28.224836 -102.632041 21.703866
14608 13680 1.702364 -0.809281 10.879807 0.104178 0.041104 0.042569 33.473869 23.937519 -103.323165 21.715847
14224 13680 1.606591 1.108572 3.560359 -0.020460 0.087976 -0.500724 34.186080 25.009347 -104.359855 21.712852
14256 13680 2.470942 -1.568282 15.733101 -0.314478 -0.096317 -0.370760 31.515293 24.830711 -103.150382 21.694881
14240 13680 2.238693 -1.008010 12.524707 0.011498 -0.225216 -0.794742 20.297985 24.294795 -100.904228 21.691886
14304 13680 1.668844 -2.818119 7.113536 -0.035374 0.071997 0.044699 14.778358 15.898800 -100.040321 21.709857
14128 13680 2.248270 2.619390 7.566063 -1.188008 -0.163430 0.087310 14.422253 10.896931 -99.349197 21.694881
14176 13680 1.510818 -3.974577 7.896480 -0.945124 -0.054771 -0.813917 11.217308 18.042459 -96.584701 21.703866
14288 13680 2.087850 -2.791781 10.391366 0.209641 0.052822 0.167206 9.792888 18.042459 -95.893577 21.703866
14112 13680 2.435027 -0.361543 11.586133 -0.310216 -0.154908 -0.052241 9.436783 32.333515 -91.055702 21.697875
14384 13680 2.056724 -1.194767 7.812678 0.061567 -0.170887 0.064940 7.300152 31.976238 -86.217826 21.709857
14048 13680 1.802926 0.215489 5.238780 1.435779 0.046430 0.528337 8.190416 29.653942 -89.846229 21.700872
14144 13680 2.207566 1.644900 7.072832 -0.195166 0.052822 -0.399523 9.792888 21.257946 -95.548011 21.694881
14224 13680 1.980106 -0.471682 8.176616 -0.396504 -0.060098 -0.745739 9.080677 19.114288 -93.474639 21.682901
14240 13680 2.600235 -2.332071 10.276438 0.013629 -0.072881 -0.020283 3.917155 13.576504 -91.919609 21.700872
14224 13680 2.432633 -0.225066 12.812026 0.349192 -0.103774 -0.055437 3.026892 10.539654 -90.364578 21.697875
14256 13680 2.487702 -0.093379 14.761006 -0.347501 -0.103774 -0.235470 1.958578 11.968760 -88.291198 21.694881
14160 13680 2.906709 -1.592225 13.484831 -0.001285 -0.150647 -0.147051 0.534157 8.395997 -85.181137 21.700872
14176 13680 2.801359 -0.342388 10.800795 0.261839 0.095433 0.269473 -0.178053 6.609613 -84.490013 21.703866
13984 13680 2.274607 0.385486 6.280311 -0.245234 0.342578 -0.107636 1.068315 13.576504 -87.427291 21.700872
13904 13680 2.631362 -0.814070 7.669019 -0.053484 0.181721 -0.084200 8.012363 12.326037 -94.165763 21.694881
14112 13680 1.982500 1.134909 2.554743 0.817916 0.052822 -0.018152 8.724573 3.394126 -93.129074 21.691886
14176 13680 2.265030 -1.175613 12.033871 0.441872 -0.229477 -0.883160 11.039256 -4.287317 -92.265167 21.679904
14448 13680 2.327283 -1.630534 17.253496 -0.401831 -0.497928 -0.269559 15.134463 -19.471565 -81.034385 21.691886
14208 13680 1.778983 -0.926603 12.321190 -0.639388 -0.057967 -0.628558 19.407722 -16.256076 -88.982322 21.691886
14416 13680 1.405468 -1.915459 10.652347 -0.167469 -0.003638 -0.177944 22.078510 -8.931911 -95.375228 21.697875
14240 13680 1.532367 -0.347177 6.888469 -0.303825 -0.057967 0.146966 22.256563 -11.254207 -94.165763 21.688890
14368 13680 1.757434 -0.342388 12.962869 -0.416744 -0.161299 -0.022414 22.256563 -5.180508 -97.621383 21.688890
14304 13680 1.580254 -1.185190 8.803929 -0.117401 -0.253979 0.150162 17.805250 4.644593 -100.904228 21.682901
14112 13680 2.281790 -2.626573 7.925211 1.116194 -0.088860 0.217275 10.683151 13.219227 -98.139732 21.685895
14128 13680 1.939402 0.533934 4.369641 -0.509424 -0.019617 0.581601 12.641728 8.753273 -98.658073 21.688890
14096 13680 1.728702 -1.977711 5.126247 -0.196231 -0.380747 -0.035197 12.463675 33.226707 -91.574043 21.682901
14304 13680 2.497280 -4.644988 9.426453 0.372629 -0.667308 0.451636 4.985470 38.585853 -76.714859 21.676910
14608 13680 2.030386 -0.158025 17.035614 -0.459356 -0.733355 0.967232 15.668621 43.944999 -82.589424 21.670919
14528 13680 2.221932 -2.435027 17.502506 0.036000 -0.846275 -0.131072 19.051616 50.911888 -60.991767 21.685895
14368 13680 1.723913 -3.902748 8.772803 -0.218602 -0.387139 0.474007 22.968772 50.554611 -52.007144 21.676910
14528 13680 0.818859 -1.376736 7.997041 0.064762 -0.375421 0.603972 36.856868 50.554611 -41.640274 21.691886
15008 13680 -0.122111 -1.240260 1.110966 1.470933 -0.071816 0.221536 55.552379 50.733249 -53.216613 21.697875
15424 13680 2.023204 -5.372862 34.016155 0.170225 -1.240429 -0.479419 57.689010 50.733249 -60.127861 21.679904
15280 13680 -0.433373 -2.475731 7.539725 0.538812 0.031516 1.056716 57.332904 50.375972 -74.641487 21.685895
15232 13680 -0.390275 -0.325628 12.419358 0.897812 -0.155973 -0.392066 67.125793 34.834449 -85.526702 21.673915
15152 13680 -0.335205 -1.925036 13.010755 0.042392 -0.299786 0.086245 60.893955 29.653942 -93.647415 21.673915
15136 13680 0.936181 -2.039964 16.786603 1.155610 0.195570 0.169337 55.196273 26.081178 -99.176414 21.685895
14928 13680 0.517174 1.719124 6.505377 -0.868423 0.095433 -0.207772 56.620693 21.079307 -100.213104 21.679904
14688 13680 0.897871 -2.071090 12.893434 -0.884403 -0.065424 0.028720 54.662117 34.477172 -94.165763 21.673915
14688 13680 0.931392 -0.883505 9.392932 -0.217537 -0.024944 0.341912 59.291481 42.337253 -87.254516 21.679904
14656 13680 -0.773367 1.280963 2.985722 -0.970690 -0.052641 0.275865 65.701370 40.908149 -78.615455 21.685895
14688 13680 -1.664055 -2.365592 8.550130 1.127912 -0.013225 0.393046 66.235527 27.867559 -90.191795 21.682901
14672 13680 -1.623351 0.756606 2.569109 -0.013003 0.387320 0.024459 68.194107 20.900669 -91.055702 21.676910
14672 13680 -1.920248 -1.043925 7.525360 -0.135510 0.152958 -0.282342 71.755157 25.902540 -86.908950 21.679904
14768 13680 -1.822080 -0.270559 3.198817 0.604860 0.127392 0.640191 74.069839 10.003740 -86.045043 21.667924
14496 13680 -1.628140 -0.019155 9.570113 -0.301694 -0.017487 -0.861855 73.535682 15.898800 -89.327888 21.682901
14448 13680 -1.031954 -1.989683 6.890863 0.416305 0.259486 0.239646 71.577102 19.650201 -86.736167 21.676910
14480 13680 -1.003222 -0.553089 17.653348 -0.564818 -0.199650 -0.237600 72.467369 27.331645 -78.961013 21.673915
14944 13680 -2.310522 -3.280223 4.055984 0.030673 0.095433 0.020198 68.906318 35.549003 -82.416641 21.673915
15056 13680 -1.692787 -1.956162 16.896741 0.408848 -0.202845 0.465485 70.152687 26.795730 -86.045043 21.670919
14912 13680 -2.016021 -1.525184 11.236561 -0.146163 0.028320 -0.076743 69.084373 20.007478 -91.228477 21.673915
15008 13680 -2.236298 -0.720691 7.295504 -0.435920 0.043234 0.127791 70.686843 23.401605 -88.291198 21.679904
14992 13680 -1.824475 -0.474076 6.948328 -0.164273 0.084780 0.022328 71.042945 26.974369 -84.490013 21.667924
14864 13680 -2.063907 -0.557877 8.167038 -0.018329 0.017668 0.148031 73.535682 20.900669 -84.835578 21.661933
14896 13680 -2.090245 -0.555483 13.590182 1.226984 -0.165561 -0.043719 71.755157 12.326037 -87.600074 21.670919
15008 13680 -1.826869 -1.908276 13.836797 -0.111009 0.032582 -0.182206 69.084373 12.504674 -90.537353 21.661933
14960 13680 -2.226721 -0.873928 10.374605 -1.384019 -0.194323 -0.101244 68.372161 17.149267 -91.574043 21.679904
14928 13680 -1.731096 -2.118977 13.283708 0.142528 -0.011095 -0.354781 63.920848 30.189857 -92.437950 21.682901
14912 13680 -1.934614 -1.951374 7.549303 -0.580798 -0.160234 0.552838 61.428112 25.545263 -95.202445 21.673915
14368 13680 -1.235471 -0.486048 10.003485 -0.016199 -0.109101 -0.436808 59.647586 25.545263 -97.275825 21.670919
14592 13680 -1.285752 -1.427017 8.384922 -0.500902 0.086911 -0.092722 60.359798 23.401605 -98.658073 21.661933
14320 13680 -1.024770 -0.672805 8.013802 -0.468943 0.044300 0.253494 66.235527 30.011219 -91.919609 21.661933
14272 13680 -1.058291 -0.608158 5.799052 0.173421 -0.321092 0.276930 67.303848 33.941257 -85.699485 21.670919
13568 13680 -2.262636 2.322494 -5.068783 0.849874 0.362819 1.067369 78.521148 7.324166 -79.997703 21.643962
13728 13680 -3.976972 1.479692 6.277917 -0.037505 -0.207107 0.198100 81.191940 3.215488 -77.060424 21.620002
13536 13680 1.345610 1.597014 9.706589 -1.067631 -0.721637 -0.128942 70.152687 4.644593 -95.029670 21.620002
13104 13680 0.210700 -1.091812 5.971443 -0.340044 -0.246522 -0.102310 64.811111 8.931911 -98.485290 21.617006
13280 13680 0.251404 0.186757 9.783207 -0.057745 -0.004703 -0.003238 65.701370 9.825101 -97.621383 21.625991
13296 13680 0.299290 -0.014366 9.773630 -0.010873 0.000623 0.006349 64.633056 9.825101 -98.658073 21.631982
13296 13680 0.359149 0.196335 9.792784 0.004041 -0.004703 -0.012826 63.920848 7.324166 -97.275825 21.628986
13296 13680 0.332811 0.203518 9.754475 0.004041 -0.001507 -0.004304 65.879425 9.289187 -98.830856 21.634977
13296 13680 0.299290 0.160420 9.792784 -0.015134 -0.002573 0.008480 66.235527 8.931911 -99.176414 21.634977
13296 13680 0.407035 0.155631 9.749687 0.005107 -0.000442 0.020198 64.811111 7.502805 -97.794166 21.625991
13296 13680 0.371120 0.134082 9.776024 -0.008742 -0.002573 0.020198 64.098899 8.931911 -97.103042 21.634977
13328 13680 0.373515 0.186757 9.728137 0.010433 0.000623 -0.004304 64.276954 9.467825 -98.658073 21.622997
13312 13680 0.347177 0.234644 9.787996 0.001911 0.001688 0.003153 64.811111 7.860081 -98.139732 21.617006
13312 13680 0.328022 0.203518 9.759263 -0.003416 -0.000442 -0.001108 66.413581 8.395997 -98.312507 21.634977